0 0.20043699503309204 0.618547139772976 0.05909251778268043 0.13028967787060922
0 0.13984375 0.63359375 0.0640625 0.1109375
0 0.1578125 0.62578125 0.0625 0.1265625
0 0.22734375 0.63203125 0.0546875 0.1140625
0 0.10234375 0.65703125 0.0515625 0.0640625
2 0.06559961455396471 0.49645591695901337 0.048878455748186944 0.07840884288963731
2 0.14424899937631822 0.45411456665500216 0.027328787427387268 0.05101867193911023
0 0.1296043025194714 0.44218756962075173 0.04455482878371626 0.08603034190105419
0 0.6078125 0.07578125 0.0375 0.1515625
0 0.2046041867226524 0.8213060197344824 0.09852319892376152 0.20675401878308025
0 0.290625 0.940625 0.11875 0.11875
0 0.3796875 0.86796875 0.15625 0.2640625
0 0.47890625 0.84453125 0.1578125 0.3109375
0 0.5484375 0.80390625 0.08125 0.2296875
0 0.43359375 0.71484375 0.0953125 0.0515625
0 0.19765625 0.75 0.0890625 0.121875
0 0.215625 0.93125 0.103125 0.1375