0 0.3609375 0.10546875 0.0171875 0.10703125
0 0.31875 0.19140625 0.0203125 0.1203125
0 0.29453125 0.18828125 0.01875 0.1140625
0 0.42109375 0.85703125 0.01875 0.128125
0 0.3546875 0.86796875 0.0203125 0.13828125
0 0.37734375 0.85703125 0.01953125 0.1375
0 0.440625 0.8859375 0.01484375 0.12734375
0 0.30625 0.8921875 0.0125 0.1234375
2 0.33203125 0.69921875 0.0265625 0.071875
2 0.4671875 0.1328125 0.0359375 0.05
2 0.4203125 0.68359375 0.0125 0.04765625
0 0.41015625 0.66796875 0.01796875 0.08203125