0 0.05358875428964911 0.3098565251716899 0.05997805674305985 0.1304170118629983
0 0.0959892029568656 0.3276369327763442 0.05354620031656916 0.12391234387822045
0 0.10369640287772333 0.35775551429727503 0.05055759263643722 0.1284725098858317
0 0.028125 0.315625 0.05625 0.13125
2 0.05760396753834196 0.14504460866978713 0.03931856426490725 0.06402800790866543
2 0.14692488031218112 0.1593525063886096 0.032750315518548415 0.05283583992388792
0 0.13894489575158736 0.13860892486767878 0.04969377461060622 0.09878500988583169
0 0.8421875 0.07890625 0.078125 0.1578125
0 0.7828125 0.05234375 0.078125 0.1046875
0 0.72109375 0.06484375 0.0640625 0.1296875
2 0.7069267029568655 0.3509524159704302 0.03734688730530315 0.04990184091247087
0 0.1 0.5078125 0.125 0.1375
0 0.04609375 0.534375 0.0921875 0.190625
0 0.0203125 0.553125 0.040625 0.228125
0 0.1734375 0.53125 0.125 0.184375
0 0.55625 0.54921875 0.14375 0.2203125
0 0.66796875 0.55078125 0.1484375 0.2234375
0 0.7703125 0.52421875 0.109375 0.1703125
0 0.47421875 0.5328125 0.0296875 0.1875