0 0.27465020901447457 0.4509429188904022 0.03266822402541773 0.08361798340326061
2 0.2021751911575671 0.4798715570629031 0.044895488635914305 0.06894017676456468
2 0.28780872808919805 0.45898056183678787 0.02910684740221221 0.05838118506293437
0 0.8516077698887976 0.2923375134964618 0.0899194366867496 0.2346369543589663
0 0.81875 0.04453125 0.0625 0.0890625
0 0.9170357211860439 0.08451428071790128 0.06152960957707698 0.12793666846619495
0 0.9828125 0.3703125 0.034375 0.14375
0 0.9386032094182163 0.32787411702559116 0.052045515421275466 0.1209762734452168
0 0.7286360998411394 0.435564527393909 0.05223643019392785 0.1319137734452168
0 0.3673128161559195 0.7451898263589349 0.12310585795222373 0.34794243776222694
0 0.44609375 0.72265625 0.0671875 0.3265625
0 0.26286504951682793 0.8131567311281753 0.08841148376465036 0.23764355518880328
0 0.2078125 0.63828125 0.08125 0.1578125
0 0.22578125 0.59296875 0.0828125 0.0671875
0 0.1963048409126858 0.7721280668111653 0.0913182954530476 0.22538035352912936
0 0.6355952118538484 0.81842549420043 0.08961942775829587 0.21744945435896632
0 0.71171875 0.83671875 0.1171875 0.3265625
0 0.78671875 0.859375 0.1140625 0.28125
0 0.84921875 0.91484375 0.0796875 0.1703125
0 0.9247395324706993 0.8356418406805893 0.11016948132901838 0.3219952444009227
0 0.95078125 0.7796875 0.0984375 0.33125