2 0.0578125 0.015625 0.05 0.03125
0 0.6748649046875 0 0.7800795453125 0.428287553125 0.7856214046875001 0.43385357343750003 0.8237418562500001 0.42708597812500004 0.8272770390625 0.41888329375 0.8234580843749999 0.40133553125 0.725465909375 0 0.6748649046875 0
0 0.4328125 0.22578125 0.1875 0.4515625
0 0.4921875 0.1296875 0.146875 0.259375
0 0.22578125 0.9390625 0.0578125 0.121875
0 0.25390625 0.95625 0.0578125 0.0875
0 0.1625 0.95625 0.05625 0.0875
0 0.12265625 0.97421875 0.0515625 0.0515625
0 0.18046875 0.94765625 0.0609375 0.1046875
0 0.16614769855649386 0.7737680480585427 0.04093801779449713 0.08481135200509068
2 0.0956468561611481 0.8159368193825433 0.04623301285158128 0.0614465773392725
2 0.18207644608503593 0.7856777020607699 0.031597509885831696 0.04722044533736351
0 0.6515625 0.678125 0.278125 0.378125
0 0.3875 0.68203125 0.096875 0.3859375
0 0.39609375 0.5671875 0.1140625 0.15625