0 0.1671875 0.16780506612383395 0.034375 0.08325211575678075
0 0.13046875 0.3511936897731225 0.059375 0.13158319994353035
0 0.1453125 0.3745478897872399 0.0484375 0.11844616311182747
0 0.090625 0.3355455739457545 0.0546875 0.13912268415851478
0 0.06484375 0.3417346607633401 0.053125 0.13434417889684286
0 0.0171875 0.35078125 0.034375 0.1296875
2 0.08515625 0.17805159236160603 0.04375 0.06661064732681173
2 0.171875 0.18550080033881838 0.0296875 0.05797909997176518
0 0.284375 0.4765625 0.028125 0.015625
0 0.3796875 0.47734375 0.03125 0.0171875
0 0.80390625 0.734375 0.1484375 0.53125
0 0.76484375 0.734375 0.0703125 0.53125
0 0.85078125 0.7311472293062484 0.153125 0.4573560156438411
0 0.95625 0.640625 0.0875 0.271875