0 0.33984375 0.103125 0.01875 0.1265625
0 0.390625 0.66328125 0.01328125 0.08984375
0 0.403125 0.85078125 0.01796875 0.13125
0 0.42109375 0.87421875 0.01640625 0.12578125
0 0.35703125 0.8515625 0.01796875 0.12890625
0 0.33515625 0.859375 0.01640625 0.1234375
0 0.284375 0.88515625 0.01328125 0.12578125
0 0.2984375 0.8328125 0.0203125 0.0625
0 0.4203125 0.1828125 0.01796875 0.11171875
0 0.29765625 0.18359375 0.01796875 0.12890625
0 0.27421875 0.184375 0.02734375 0.14375
2 0.4484375 0.1296875 0.0265625 0.05234375
2 0.3109375 0.690625 0.0328125 0.06796875
2 0.4015625 0.6828125 0.0171875 0.04609375