0 0.2958309210206023 0.2844220629845407 0.04321645407749273 0.09048115626060227
0 0.3703125 0.45390625 0.0625 0.1296875
0 0.3953125 0.46328125 0.059375 0.1109375
0 0.32734375 0.46328125 0.0609375 0.1109375
0 0.30859375 0.471875 0.0578125 0.09375
0 0.2703125 0.4921875 0.05625 0.053125
0 0.26619855997525815 0.475493496286985 0.04097199247815268 0.06698909255827132
2 0.23012100448583955 0.3375495521847675 0.05374477711788863 0.07680060217691817
2 0.31266908003351784 0.29869289411006666 0.032659387305303156 0.04952877404661713
0 0.5765771526782023 0.14355650472450546 0.10889894154108051 0.20203870435383636
0 0.67421875 0.14296875 0.1484375 0.2859375
0 0.7703125 0.15078125 0.146875 0.3015625
0 0.85703125 0.03828125 0.0921875 0.0765625
0 0.8481028116911178 0.14893345237010197 0.10944451082055266 0.22078870435383635
0 0.3125 0.56796875 0.14375 0.0984375
0 0.4 0.5515625 0.146875 0.065625
0 0.850216915625 0.51875 0.8518038109375 0.523019409375 0.9038322859375001 0.6915454390625 0.9879356625 0.9310642968749999 0.9953566046875 0.940174859375 0.9995041703125 0.940143953125 1 0.9399638312499998 1 0.8178041 0.9896793031249999 0.7872782203125 0.9596291953125 0.6801306265625 0.9192832953125001 0.560489428125 0.9036212765624999 0.51875 0.850216915625 0.51875
0 0.606109709375 1 0.5945600093750001 0.9706763171875 0.5648232328125 0.9062131109375 0.5 0.7472761125 0.5 0.9223499421875001 0.5334583515625 1 0.606109709375 1
0 0.6081764936652868 0.7574999536360463 0.18455948574772804 0.4419395072563942
0 0.6609375 0.64765625 0.128125 0.2578125