0 0.01328125 0.078125 0.0265625 0.13125
0 0.08307355748637928 0.1682488180605652 0.0286772717116218 0.11427598755244536
2 0.11672511952087258 0.11905430146382567 0.032161836641599176 0.05537458423309749
0 0.6609375 0.33203125 0.084375 0.4359375
0 0.7467356813504782 0.4028480383915712 0.07723901199171213 0.3546175676363578
0 0.86640625 0.378125 0.1078125 0.421875
0 0.97734375 0.434375 0.0453125 0.309375
0 0.19528234326113694 0.8880975315430938 0.06385710049533806 0.2010189709557059
0 0.28984375 0.8796875 0.0734375 0.240625
0 0.371875 0.9046875 0.071875 0.190625
0 0.5172322719210187 0.8772131114265138 0.052119079817173744 0.18300267676456466
0 0.4375 0.953125 0.059375 0.09375
0 0.93046875 0.6828125 0.0734375 0.1875
0 0.89453125 0.64765625 0.0703125 0.1171875