0 0.034375 0.51796875 0.0375 0.0828125
2 0.0484375 0.53359375 0.03125 0.0515625
0 0.5068831151354724 0.3104173580951718 0.09184783386094857 0.20762879353213642
0 0.58671875 0.46796875 0.1109375 0.1828125
0 0.67890625 0.40078125 0.1453125 0.3171875
0 0.781502681907662 0.3653726102428784 0.14763849577685786 0.3556435696514182
0 0.8725535792420951 0.3311414523955338 0.11454118778015676 0.2369002137039528
0 0.7428480442066474 0.16287172998515365 0.08813180047485361 0.1871525192218769
0 0.5040416084715548 0.21276110809517185 0.08156355172849494 0.1758874706013578
0 0.51328125 0.45546875 0.0953125 0.2078125
0 0.1234375 0.63828125 0.121875 0.1578125
0 0.04375 0.6203125 0.0875 0.121875
0 0.28203125 0.62421875 0.1421875 0.1296875
0 0.19375 0.57734375 0.071875 0.0359375
0 0.32421875 0.5921875 0.0953125 0.065625
0 0.071875 0.60625 0.090625 0.09375
2 0.28395539515635493 0.803701447872978 0.09577916442319179 0.12826884215265544
0 0.4994826203125 0.559375 0.5012589828125 0.56392833125 0.539527971875 0.672819721875 0.5745965359375 0.792535159375 0.6491198406249999 1 0.714584075 1 0.6712800890625 0.8670322718750001 0.64496629375 0.7989529624999999 0.5678850109375 0.5711594046874999 0.56437075625 0.559375 0.4994826203125 0.559375
0 0.459375 0.559375 0.459375 0.6631745625 0.47996093437500004 0.7359085265624999 0.5195826125 0.8358242296875 0.5759549078124999 1 0.6482017984375 1 0.6481107859375 0.9945628265625001 0.6375565515625 0.94765851875 0.6068109171875 0.8617313234375 0.555149884375 0.693529346875 0.5069242953125 0.559375 0.459375 0.559375
0 0.69375 0.7109375 0.159375 0.303125