0 0.21640625 0.05078125 0.0765625 0.1015625
0 0.0765401909984734 0.5657749731165825 0.041756855984999855 0.08597604135632882
0 0.03359375 0.6953125 0.0671875 0.06875
0 0.0375 0.7125 0.075 0.034375
2 0.3078139170592594 0.08313806327283838 0.0447260311027776 0.048767139784752264
2 0.00703125 0.5640625 0.0140625 0.075
2 0.07860097700222343 0.5870506596343471 0.034472036286573984 0.05607021753501122
0 0.6421875 0.33046875 0.084375 0.3265625
0 0.7027595213473157 0.3558585874656595 0.12478255240361058 0.2345633986760923
0 0.6957651019789821 0.15785558105551872 0.10464641819055523 0.18227315260503385
0 0.8234375 0.84765625 0.15 0.2359375
0 0.7140625 0.84296875 0.196875 0.2265625
2 0.86953125 0.7765625 0.0734375 0.09375
0 0.63515625 0.86484375 0.0703125 0.2703125
0 0.8796875 0.85859375 0.153125 0.2578125