0 0.2947593063108934 0.3352027580450857 0.018484406377006657 0.08552291181871077
0 0.3015625 0.49375 0.0375 0.1125
0 0.32265625 0.50859375 0.0328125 0.0828125
0 0.2578125 0.5078125 0.03125 0.084375
0 0.23203125 0.49921875 0.0328125 0.1015625
0 0.184375 0.50625 0.040625 0.0875
2 0.21844578980255008 0.33917303879981076 0.034689260515449585 0.0681759151526908
2 0.3066827741987178 0.3322531012273446 0.019644114653892507 0.048278003333980024
0 0.534375 0.35078125 0.03125 0.3984375
0 0.6295348552700968 0.3438765142540035 0.06816566033373554 0.410076372729036
0 0.7109375 0.390625 0.08125 0.31875
0 0.8375 0.3671875 0.090625 0.365625
0 0.95859375 0.40546875 0.0578125 0.2890625
0 0.51875 0.55 0.47877737031249995 0.55 0.4774705734375 0.6070071718750001 0.463487784375 0.7831192 0.454581884375 1 0.5028232312500001 1 0.5077879390625 0.90582358125 0.51875 0.802070940625 0.51875 0.55
0 0 0.55 0 0.5561369625 0.0023782234375 0.5983865765624999 0.0047014078125 0.7114307390625 0.00043005937499999996 0.83380846875 0.0050477874999999995 1 0.0704648359375 1 0.0707200328125 0.9303038406249999 0.06694070937499999 0.8589793578125 0.0649796453125 0.623306821875 0.06716626406250001 0.55 0 0.55
2 0.16484375 0.7515625 0.0671875 0.403125
2 0.26328125 0.6421875 0.0453125 0.184375
0 0.94453125 0.775 0.1109375 0.45
0 0.553125 0.775 0.06875 0.45
0 0.608696732814288 0.7789369115288467 0.07071080619529244 0.42895391848667064
0 0.69765625 0.665625 0.0515625 0.23125