0 0.12578125 0.55390625 0.0359375 0.0703125
2 0.028125 0.0296875 0.046875 0.059375
2 0.05390625 0.5703125 0.0484375 0.0375
2 0.1369791977342037 0.5556855694023304 0.028670374275053766 0.048873876623205345
0 1 0.2240459375 0.97671601875 0.147791875 0.9581794406250002 0.07264641093749999 0.9486706437500001 0.06475385312500001 0.9189560218749999 0.070255378125 0.9126124578125001 0.0760735703125 0.9127071078124999 0.084721865625 0.938357571875 0.18999582343750002 0.957519815625 0.2534344546875 0.9997483062499999 0.4270863859375 1 0.42797597343750005 1 0.2240459375
0 0.644789075 0.5890625 0.5721176031249999 0.3724482703125 0.5278859109375 0.222385775 0.5160899546875 0.2121377609375 0.499517275 0.21312193124999998 0.46613795625000004 0.22815059999999998 0.4494890734375 0.2566089265625 0.48323389843750003 0.309413134375 0.5053405203125 0.3663831546875 0.5430839953125 0.474610328125 0.576207115625 0.5890625 0.644789075 0.5890625
0 0.58719189375 0.5890625 0.558630175 0.495047565625 0.5076947578125 0.3523325265625 0.45787671562500004 0.2772745953125 0.4566700359375 0.2703313375 0.46183847031249997 0.26045265156249997 0.438430515625 0.1878910734375 0.4214030234375 0.1817562140625 0.3795953890625 0.184304525 0.371811184375 0.1962397859375 0.374944865625 0.20706776875 0.4382572546875 0.3786809125 0.482975309375 0.5387452046875 0.5028292234375 0.5890625 0.58719189375 0.5890625
0 0.6984375 0.409375 0.159375 0.359375
0 0.7333032877668713 0.25488672849293986 0.06943892946385706 0.13384889448011297
0 0.16171875 0.684375 0.1328125 0.190625
0 0.23046875 0.65859375 0.1265625 0.1390625
0 0.29765625 0.61875 0.0640625 0.059375
0 0.04453125 0.6875 0.0890625 0.196875
0 0.10833213424703061 0.6968639484611676 0.09027349295103004 0.2028716298696164
0 0.68984375 0.921875 0.1046875 0.15625
0 0.7828125 0.9 0.11875 0.2
0 0.871875 0.90625 0.13125 0.1875
0 0.9484375 0.95390625 0.096875 0.0921875
0 0.96953125 0.878125 0.0609375 0.24375
0 0.9703125 0.8390625 0.059375 0.321875