0 0.11870499648534336 0.08971697787008877 0.0711216368892682 0.15679187606301595
2 0.2233389925564019 0.06561018498739217 0.038630160462916764 0.06074605242559432
0 0.63203125 0.27734375 0.1453125 0.2828125
0 0.55546875 0.3484375 0.0734375 0.140625
0 0.7364531528144308 0.23939927391758734 0.15202068817039455 0.3564089809142047
0 0.8230841656347124 0.18407430300532251 0.10713621960192583 0.22822033697334118
0 0.5911856563290876 0.11661496240813732 0.08249147642635143 0.1001272878817268
0 0.703125 0.06328125 0.09375 0.1265625
0 0.24177483125000002 0.41875 0.249005321875 0.45551244375 0.3061617 0.6946676421875 0.31253195312500004 0.7037151078124999 0.3166576765625 0.703635721875 0.3493813390625 0.691740025 0.3519423453125 0.67518468125 0.323763921875 0.5504903703125 0.30572231250000004 0.4434170828125 0.3001695203125 0.41875 0.24177483125000002 0.41875
0 0.58515625 0.446875 0.0953125 0.05625
0 0.6186684933849714 0.5791305510484684 0.13024407981717356 0.18963606909549374
2 0.6762134737402643 0.49660522241007693 0.07089900496239876 0.08517196757828502
2 0.6955392084387834 0.582973286045559 0.06098034946188076 0.10615414727484325