0 0.20334863632162303 0.40193193328295684 0.03764355518880329 0.08473862667090888
0 0.178125 0.58046875 0.078125 0.0984375
0 0.196875 0.59765625 0.06875 0.0640625
0 0.1421875 0.56953125 0.075 0.1203125
0 0.1171875 0.5734375 0.071875 0.1125
0 0.06953125 0.57578125 0.0765625 0.1078125
2 0.12418227719341632 0.4200557719605473 0.047041865976683986 0.06455339600572696
2 0.21077097262931294 0.4276495486155478 0.03515717261537983 0.05192612667090888
0 0.69296875 0.66328125 0.1328125 0.0671875
2 0.3907544705547205 0.683789913271821 0.08823555103961844 0.0931329293443632
2 0.2603117991887406 0.819801233290911 0.10120914772027048 0.09952838001272682
0 0.94609375 0.7171875 0.1078125 0.175
0 0.9625 0.77734375 0.075 0.2953125