0 0.6920149699225753 0.2391744408625045 0.034560683802108375 0.08361798340326043
0 0.6703125 0.39765625 0.059375 0.0828125
0 0.68828125 0.4125 0.0484375 0.053125
0 0.63046875 0.38984375 0.0546875 0.0984375
0 0.6046875 0.39453125 0.053125 0.0890625
0 0.54921875 0.403125 0.0515625 0.071875
2 0.6103657218997416 0.25476539729606323 0.043235346843970034 0.06714087842423862
2 0.6982158903788107 0.2567287937669339 0.028854511862998145 0.05826278589277134
0 0.3125 0.9765625 0.040625 0.046875
0 0.296875 0.959375 0.046875 0.08125
0 0.25703125 0.95703125 0.0484375 0.0859375
0 0.23203125 0.96328125 0.0484375 0.0734375
0 0.18671875 0.9703125 0.0484375 0.059375
0 0.31461818729933044 0.809616072811228 0.031053681824942104 0.07400618506293455
2 0.23465877326888568 0.8282136300746238 0.038484179847775656 0.06522318091374953
0 0.39609375 0.540625 0.0921875 0.203125
0 0.50859375 0.57109375 0.1296875 0.2640625
0 0.625 0.58125 0.128125 0.284375
0 0.73671875 0.46015625 0.0859375 0.0421875
0 0.7131922915576745 0.5806935543403888 0.10266337946721471 0.22585395020978147
0 0.38046875 0.5046875 0.0609375 0.13125