0 0.3421875 0.075 0.02421875 0.15
0 0.39453125 0.6171875 0.01328125 0.08359375
0 0.40390625 0.83671875 0.02734375 0.16796875
0 0.42578125 0.8578125 0.021875 0.15390625
0 0.36484375 0.81796875 0.0265625 0.1609375
0 0.340625 0.8265625 0.0265625 0.15078125
0 0.29609375 0.846875 0.02890625 0.16171875
2 0.44609375 0.0765625 0.028125 0.07421875
2 0.31328125 0.63828125 0.025 0.06875
2 0.40546875 0.63125 0.01875 0.04921875
2 0.396875 0.940625 0.0265625 0.05703125
2 0.41796875 0.953125 0.02734375 0.034375