0 0.14375 0.3046875 0.21875 0.609375
0 0.0734375 0.3046875 0.146875 0.609375
0 0.5515625 0.26015625 0.096875 0.5203125
0 0.2765625 0.22265625 0.121875 0.4453125
0 0.34765625 0.0890625 0.0796875 0.178125
0 0.98515625 0.2671875 0.0296875 0.203125
0 0.95703125 0.528125 0.0578125 0.1625
0 0.1046875 0.66171875 0.140625 0.1046875
2 0.03828125 0.65703125 0.0765625 0.0953125
0 0.2671875 0.76640625 0.134375 0.3140625
0 0.74375 0.778125 0.134375 0.3375
0 0.6828125 0.759375 0.1125 0.3
0 0.8984375 0.65 0.071875 0.08125
0 0.9578125 0.7390625 0.084375 0.259375
0 0.984375 0.753125 0.03125 0.2875