0 0.3890625 0.19453125 0.178125 0.3890625
0 0.0671875 0.20234375 0.1125 0.3734375
0 0.14140625 0.10703125 0.0765625 0.2140625
0 0.87421875 0.33671875 0.0546875 0.1046875
0 0.88984375 0.3421875 0.0453125 0.09375
0 0.83125 0.33125 0.053125 0.115625
0 0.8140625 0.3421875 0.05 0.09375
0 0.77890625 0.353125 0.0546875 0.071875
2 0.765218802011421 0.2175614727490645 0.03230788896415202 0.05155585594746519
2 0.8438417689947343 0.20142521766068172 0.025812227498762753 0.04654080732694617
0 0.33605916723114043 0.6294030534817591 0.06023589439121899 0.197932888964152
0 0.41521772274906443 0.6086202419709413 0.0735348337849123 0.3030298247398008
0 0.47421875 0.5921875 0.0109375 0.16875
0 0.3519397947753317 0.5905010057657513 0.06525094301173802 0.20442855042954128
0 0.97890625 0.5875 0.0421875 0.30625
0 0.7179399310259503 0.6277730336940553 0.1053646879233554 0.2859994549975256