0 0.07421875 0.41484375 0.1484375 0.5703125
0 0.03359375 0.37734375 0.0671875 0.6453125
0 0.22965951804868015 0.38736360425433813 0.08372952830409766 0.44689358883351815
0 0.29140625 0.32578125 0.0171875 0.3828125
0 0.7051850203125001 0 0.7054349171875 0.09133345312499999 0.709253425 0.1567394671875 0.709656040625 0.3335327203125 0.7199231953125 0.588225534375 0.7243433609375 0.5993364765625 0.7283110734375 0.6007054187499999 0.7618775328125 0.6005095765624999 0.7674114609375 0.5851642859374999 0.7636128890625 0.45293776875 0.7662481609375 0.3415550859375 0.7627081328124999 0.214895428125 0.75312705625 0.059037098437500005 0.7527935421875 0 0.7051850203125001 0
0 0.41116409118694397 0.310740547499078 0.0663238227570142 0.4364171637873756
0 0.500173999431319 0.2178602375046154 0.062142856192014054 0.3238170342377263
0 0.1578125 0.796875 0.05625 0.19375
0 0.21796875 0.8421875 0.0703125 0.284375
0 0.265625 0.86015625 0.06875 0.2796875
0 0.2890625 0.91640625 0.021875 0.1671875
0 0.60859375 0.7421875 0.0640625 0.084375
0 0.64296875 0.78359375 0.0765625 0.1671875
0 0.78984375 0.77890625 0.0765625 0.1578125
0 0.8609375 0.7546875 0.06875 0.109375