0 0.3828125 0.209375 0.278125 0.41875
0 0.090625 0.16015625 0.18125 0.3203125
0 0.1890625 0.13203125 0.15625 0.2640625
0 0.778125 0.18125 0.11875 0.334375
0 0.875 0.21015625 0.2125 0.4171875
0 0.8755383733800899 0.15275452243252818 0.12538537824476315 0.29412573620994636
0 0.80859375 0.06015625 0.1046875 0.1203125
0 0.3796566777615912 0.6715881243066724 0.05785913879807012 0.09382420783841657
0 0.44621293222581804 0.6649265988381363 0.04845686525911965 0.09198892319868043
0 0.46721122483949185 0.6710091142775425 0.043632997564368024 0.08404003087881237
0 0.349174290992116 0.6714828242275301 0.05632391233702041 0.09534124373179384
0 0.48955778328147825 0.7341910758768828 0.056405732953871454 0.10002874373179385
0 0.91875 0.48203125 0.1625 0.1265625
0 0.7859375 0.4546875 0.134375 0.071875
0 0.97890625 0.71015625 0.0421875 0.1828125