0 0.07125432968749999 0.4890625 0.0679405046875 0.47175271875 0.06054080625 0.41278938125 0.020582121875 0.22437597187499997 0 0.086849434375 0 0.464219921875 0.0029678875 0.4808423984375 0.004773178125 0.4890625 0.07125432968749999 0.4890625
0 0.43933890625 0 0.48624625000000005 0.387678678125 0.4910577921875 0.3932294578125 0.529663078125 0.386218653125 0.53416936875 0.37797015 0.5325301640625 0.3603907734375 0.489459165625 0 0.43933890625 0
0 0.15859375 0.21015625 0.1859375 0.4203125
0 0.240625 0.1125 0.134375 0.225
0 0.759375 0.44296875 0.1 0.0921875
0 0.8796875 0.378125 0.14375 0.221875
0 0.9609375 0.35859375 0.078125 0.2609375
0 0.9890625 0.1984375 0.021875 0.184375
0 0.7815996618182103 0.21460592331846257 0.08946800954776961 0.17656224212409227
0 0.7409495057995701 0.30022442998642235 0.09088879958972589 0.19531224212409218
0 0.9465035340186716 0.14912496028210542 0.08130031203728053 0.17123701333591956
0 0.7078125 0.4203125 0.109375 0.1375
0 0.44296875 0.5515625 0.1578125 0.125
0 0.47421875 0.63125 0.1296875 0.284375
0 0.11484375 0.571875 0.1796875 0.165625
0 0.0453125 0.6484375 0.090625 0.31875