0 0.1092543109375 0 0.12157043281249999 0.094383984375 0.13443318124999998 0.158544878125 0.1705800328125 0.39691903125 0.1823313984375 0.459375 0.24388696875 0.459375 0.23540824843750002 0.4074207921875 0.22908279843749998 0.3461196890625 0.1926332984375 0.1453129984375 0.1744053828125 0 0.1092543109375 0
0 0.037739678124999995 0 0.0589818578125 0.1701826984375 0.07023045624999999 0.2204094515625 0.1114329046875 0.459375 0.1747456625 0.459375 0.17600760937499998 0.4303792125 0.1655358203125 0.38016157968750003 0.1576971046875 0.2924038453125 0.1318202765625 0.1292923015625 0.1237999765625 0.10693383281249999 0.11222854687499999 0.0539202515625 0.10448190156249999 0 0.037739678124999995 0
0 0.33125 0.190625 0.109375 0.38125
0 0.415625 0.10546875 0.078125 0.2109375
0 0.65 0.2296875 0.175 0.459375
0 0.55390625 0.2296875 0.1640625 0.459375
0 0.75 0.1921875 0.09375 0.384375
0 0.81953125 0.0734375 0.0609375 0.146875
0 0.2109398856464139 0.6888223524352927 0.09256429735218488 0.21613492515463034
0 0.20859375 0.53125 0.0609375 0.14375
2 0.153125 0.94765625 0.115625 0.1046875
2 0.35859375 0.9296875 0.1515625 0.140625
0 0.50234375 0.603125 0.0859375 0.2875
0 0.609375 0.61015625 0.084375 0.3015625
0 0.7046875 0.4984375 0.065625 0.078125
0 0.7008863353987449 0.6315508259326315 0.07410539578060842 0.22085437606301603
0 0.7625108860606986 0.5844364519956473 0.0603339942090317 0.22595646424430527