0 0 0 0 0.47293723437499996 0.0052929328125 0.4600532734375 0.009158978125 0.42708566562500005 0.0076091328125 0.39877594375 0.0215299515625 0.31710318125 0.038926925 0.16594510468749998 0.044336795312499996 0.0883874953125 0.045104075 0.0100157859375 0.04375390625 0 0 0
0 0.0478690421875 0 0.046461521875 0.05090884531249999 0.034091474999999996 0.172106671875 0.021525321875 0.2610264703125 0 0.5199303203125 0 0.659375 0.0384631546875 0.659375 0.0391610046875 0.658052146875 0.0612028796875 0.5357465265625 0.0662265625 0.4665325796875 0.0888433203125 0.278438590625 0.0944446625 0.1770823 0.1158598828125 0 0.0478690421875 0
0 0.6 0 0.564602440625 0 0.55385094375 0.05717002812500001 0.47690279531249996 0.545556084375 0.47864457812500005 0.5556747953125 0.4881235421875 0.56154266875 0.5184936953125 0.5654663203125 0.5246828875 0.5553364453125 0.5623845843749999 0.3278307453125 0.6 0.07755731406250001 0.6 0
0 0.22890625 0.21640625 0.1203125 0.4328125
0 0.325 0.17109375 0.115625 0.3421875
0 0.8741489031249999 0 0.8681319875 0.032203875 0.8598194578125 0.09663541249999999 0.82752948125 0.2690141875 0.7906034 0.5190862515625 0.792925621875 0.5307086437499999 0.7966011203125001 0.532755059375 0.8298730046875 0.538589440625 0.8381897031250001 0.5246269406249999 0.8588769124999999 0.39507428437500003 0.8820805921874999 0.286991365625 0.9019945 0.16291069687499998 0.9213256515625 0.009287996875 0.9230326156249999 0 0.8741489031249999 0
0 0.64296875 0.1203125 0.0859375 0.240625
0 0.05859375 0.7578125 0.1171875 0.196875
0 0.30546875 0.75390625 0.1296875 0.1890625
0 0.3984375 0.76328125 0.128125 0.2078125
0 0.4421875 0.74296875 0.08125 0.1671875
0 0.63359375 0.97421875 0.0671875 0.0515625
0 0.69609375 0.9671875 0.1015625 0.065625