0 0.2960357421875 0 0.27154706875 0.3895348328125 0.274217078125 0.3996361921875 0.2841711703125 0.4052468703125 0.31467980624999997 0.40829725781250004 0.3198805859375 0.3979532609375 0.336139103125 0.16859470625 0.3455349015625 0 0.2960357421875 0
0 0.01796875 0.14296875 0.0359375 0.2859375
0 0.084375 0.0953125 0.084375 0.190625
0 1 0 0.9729412875000001 0 0.9724305484375 0.0055742515625 0.9701732703125 0.07046152343749999 0.954158346875 0.24435285 0.9407687296875 0.49632979375 0.9441547187499999 0.5079228687499999 0.9470191218749999 0.509375 0.98418385 0.509375 0.9885155390625 0.500500175 0.9969978046874999 0.3699152328125 1 0.3446712171875 1 0
0 0.6609375 0.2109375 0.071875 0.421875
0 0.75390625 0.0984375 0.0609375 0.196875
0 0.01796875 0.73359375 0.0359375 0.2953125
0 0.05603636692559046 0.7616902421258376 0.06908253400368078 0.28754846680652096
0 0.14765625 0.965625 0.0453125 0.06875
0 0.8296875 0.55625 0.046875 0.09375
0 0.7534562275829169 0.5616767415011376 0.04720361474138901 0.08468357593472771
0 0.98125 0.553125 0.0375 0.0875
0 0.91015625 0.54921875 0.0328125 0.0796875