0 0 0.2467914859375 0.0020499015625 0.25571208125 0.028295953125000002 0.331709234375 0.08658478124999999 0.536724365625 0.10177211875 0.5750202703125 0.11537096093749999 0.575133990625 0.133468709375 0.5600817874999999 0.15269982499999998 0.5291153515625 0.156395840625 0.5069810890625 0.1487026625 0.4700281546875 0.13893653125 0.44490064374999994 0.1335551296875 0.43885424375 0.11486032500000001 0.34707654374999997 0.074440890625 0.195503271875 0.05576860625 0.1350930765625 0.0325178078125 0.075604815625 0 0.0166478875 0 0.2467914859375
0 0.00972626875 0 0.0098137921875 0.004598440625 0.036783126562500004 0.07331994375 0.0691961859375 0.18657734374999999 0.0943884765625 0.2927327171875 0.177926684375 0.5867797078125 0.192984253125 0.65 0.251052178125 0.65 0.23601807031250002 0.565100328125 0.206423765625 0.46410935625 0.1695463703125 0.31752686093750004 0.1346675546875 0.200487965625 0.0830072671875 0 0.00972626875 0
0 0.2640625 0.22109375 0.153125 0.4421875
0 0.34609375 0.1515625 0.1296875 0.303125
0 0.7097173875344234 0.21862934730108066 0.08796916560701078 0.21080484882113631
0 0.8146344804773873 0.17283007456366759 0.12483501709994957 0.3369508547526355
0 0.92890625 0.153125 0.1171875 0.30625
0 0.95859375 0.02421875 0.0734375 0.0484375
0 0.8171875 0.0421875 0.08125 0.084375
0 0.6890625 0.059375 0.08125 0.11875
0 0.6618372624083726 0.18375694019071798 0.09117057526193681 0.23430601581733085
0 0.08984375 0.75546875 0.1453125 0.2109375
0 0.28125 0.7984375 0.134375 0.296875
0 0.3734375 0.7296875 0.103125 0.159375
0 0.040625 0.8109375 0.08125 0.321875