0 0 0 0 0.35 0.0217912765625 0.35 0.025290228125 0.332486265625 0.0261833828125 0.3059321765625 0.0235787 0.29889383281250004 0.0426307015625 0.20553810625 0.0652179328125 0.0493163296875 0.070414340625 0 0 0
0 0.068879078125 0 0.063883721875 0.039503709375 0.045166548437499995 0.1482479828125 0.0192640296875 0.35 0.080016353125 0.35 0.081328728125 0.33907501406249996 0.10522892343750001 0.188470225 0.1192576671875 0.067056934375 0.129516440625 0 0.068879078125 0
0 0.2453125 0.16953125 0.13125 0.3390625
0 0.34140625 0.11015625 0.0765625 0.2203125
0 1 0 0.9736541171875001 0 0.9727974343749999 0.0051165984375 0.9333592203125001 0.1820154296875 0.9022326062499999 0.35 0.9503636859375 0.35 0.9596609968750001 0.3027464515625 0.9873564640625 0.19136477031250002 1 0.12735470468750001 1 0
0 0.47344515937500004 0 0.47116694531250003 0.0255759359375 0.45709571093749995 0.13859796093750001 0.43510929843749996 0.2612683671875 0.4246976328125 0.35 0.49149394218750003 0.35 0.49764888281249997 0.2833551578125 0.52985261875 0.0475942921875 0.5381452 0 0.47344515937500004 0
0 0.40456812031249995 0 0.404502359375 0.0006190609375 0.3796875 0.1321688234375 0.3796875 0.35 0.42986949531250007 0.35 0.4340937703125 0.3143902328125 0.4627622765625 0.1414954203125 0.47933014375000005 0 0.40456812031249995 0
0 0.6546875 0.175 0.128125 0.35
0 0.7515625 0.16015625 0.1125 0.3203125
0 0.17265625 0.4109375 0.0703125 0.121875
0 0.24346196700701359 0.4427112866158807 0.06740283278320494 0.13162043836009246
0 0.0953125 0.40703125 0.071875 0.1140625
2 0.16394929791611884 0.6010015317149083 0.2823892153566284 0.18302427935935128
2 0.12421875 0.7984375 0.2484375 0.196875
2 0.32578125 0.73671875 0.1078125 0.1796875
0 0.43890083110959777 0.6487732333173154 0.09074708963168217 0.21437414976444433
0 0.5484175410676415 0.6578174597074082 0.10682422075521317 0.3446084539114814
0 0.5546828869231011 0.4624755654095841 0.06534342531467222 0.145409536286574
0 0.6489261039301146 0.6730822917996769 0.10526172075521316 0.3444717528747221
0 0.64453125 0.43359375 0.0828125 0.1671875
0 0.7868325360932641 0.4406129614508346 0.05684384108157463 0.11517523213953695
0 0.7858009871282381 0.5361599073037976 0.07528711037760658 0.17421804147037018
0 0.7280090300699794 0.7150558868514364 0.08833248465266035 0.2234757476909257
0 0.8010447109837291 0.6729668401972699 0.08712518216314943 0.22802654665416638