0 0.2205085 0.4890625 0.1588478015625 0.25809365624999997 0.12482990000000001 0.106492959375 0.11405222500000001 0.09758759375 0.09835137031249999 0.0955106984375 0.0602424390625 0.1156790515625 0.0525607546875 0.1245666078125 0.0497159515625 0.14088111718750002 0.07669943125 0.194453675 0.088662178125 0.23440420468749998 0.15335793125 0.4890625 0.2205085 0.4890625
0 0.15801045625000001 0.4890625 0.155685509375 0.47804958124999997 0.137614509375 0.4138823546875 0.1206905734375 0.3366388640625 0.0794985109375 0.21089144375000002 0.0413135671875 0.14281694375 0.041356717187499996 0.13568923125000001 0.048274546875000005 0.12697766093750001 0.033428990625 0.0592202140625 0.022354404687500003 0.0489596984375 0 0.0466107421875 0 0.1910440984375 0.011939364062500001 0.23215061874999998 0.044132646875 0.3827481359375 0.0685682359375 0.4539903515625 0.078117203125 0.4890625 0.15801045625000001 0.4890625
0 0.26640625 0.2828125 0.0453125 0.4125
0 0.593560223876908 0.3913764360027914 0.03156301779449713 0.08584896879233561
2 0.5201518987817677 0.43436951944901947 0.037303681824942016 0.07367651741285464
2 0.6067605608350463 0.4079088387617533 0.028790844866803767 0.05607958163720568
0 0.19749040121604464 0.7348575203535306 0.07878021049385406 0.21149742198083885
0 0.1889550010257642 0.8135966740170038 0.08289470752810457 0.197680583446228
0 0.25546875 0.9390625 0.0671875 0.121875
0 0.19765625 0.92734375 0.0890625 0.1453125
0 0.51875 0.571875 0.071875 0.165625
0 0.5953125 0.58046875 0.090625 0.1828125
0 0.6703125 0.5328125 0.053125 0.0875
0 0.75546875 0.5734375 0.1078125 0.16875
0 0.80078125 0.5453125 0.0828125 0.1125
0 0.53203125 0.553125 0.0765625 0.128125
0 0.7259297134967847 0.777876100747541 0.08570668973360754 0.11363313206674715