0 0.4119201078125 0.659375 0.41812450625 0.5541524359375 0.42871509531249996 0.4628166828125 0.4412773171875 0.21245513593749998 0.45094674218749997 0.0905163625 0.4459277515625 0.080121321875 0.41791505156250003 0.073452271875 0.4067766953125 0.07605776875 0.403261421875 0.083879853125 0.39773957968749996 0.13436446562499998 0.3761999796875 0.425033175 0.36226035156249997 0.659375 0.4119201078125 0.659375
0 0.08984708113239064 0.3432168089778254 0.12593649957647698 0.4488045769491748
0 0.95390625 0.6015625 0.0421875 0.115625
0 0.96953125 0.6140625 0.0421875 0.090625
0 0.909375 0.596875 0.040625 0.125
0 0.88359375 0.6015625 0.0453125 0.115625
0 0.8390625 0.6140625 0.034375 0.090625
0 0.944519170580812 0.4294122585223385 0.02880681043863902 0.09300595553496276
2 0.8666139784592024 0.44384429155463023 0.0426117052052021 0.06230159255827132
2 0.9552214521508432 0.439141922587489 0.031037168373499215 0.05098214664195542
0 0.33067939455480155 0.7574951077040318 0.06610938936371688 0.11769842068857254
0 0.3038816761248325 0.7659152429132419 0.05856990514873246 0.12211310217691826
0 0.2728136866481763 0.7679489688666248 0.06639781570031093 0.09587798439090331
0 0.42794850768074627 0.7944172435462141 0.06923438936371688 0.11780754809323427
0 0.4046875 0.69140625 0.06875 0.0640625
0 0.48842327609659775 0.8019866960859521 0.05655237884037305 0.1142460384745874
0 0.39735866033981704 0.7645015650530932 0.06169490514873246 0.12222222958157988
2 0.459375 0.66796875 0.059375 0.0171875
2 0.308016168302912 0.6896528432760616 0.030127115756780752 0.03535714664195542
0 0.8875 0.7 0.05 0.08125
0 0.98046875 0.875 0.0390625 0.15
0 0.96484375 0.9546875 0.0546875 0.090625