0 0.659375 0 0.6188400875 0 0.610747671875 0.094737840625 0.599267040625 0.3390625 0.647141028125 0.3390625 0.6543004828125001 0.2170375140625 0.659375 0.17162535625 0.659375 0
0 0.1228722921875 0 0.123298096875 0.028809184375 0.11831994531250001 0.1507832796875 0.12246826250000001 0.3390625 0.1871196453125 0.3390625 0.187994 0.2469603890625 0.184631603125 0.17587115 0.1841885 0 0.1228722921875 0
0 0.045103521875000004 0 0.042511571875 0.05143433125 0.048420953125 0.15603904531249999 0.049713696875000005 0.3353915796875 0.050171798437500005 0.3390625 0.1216590578125 0.3390625 0.1266066046875 0.293061684375 0.1247605484375 0.20400350781249998 0.1294324171875 0.031981028125 0.12871976875 0 0.045103521875000004 0
0 0.31953125 0.134375 0.0890625 0.26875
0 0.42109375 0.059375 0.0640625 0.11875
0 0.96328125 0.08125 0.0453125 0.1625
0 0.9115659181176085 0.12336321448482171 0.034142982449022696 0.1532977168225127
0 0.2793969611371218 0.477664895104785 0.05434783386094857 0.2034068011314681
0 0.2983157603583343 0.6713376270526084 0.0720354390337981 0.22069429508134383
0 0.41248590894640846 0.6206649404807166 0.08468385471063104 0.33324883723582166
0 0.5276335358268703 0.6035860039088249 0.08210442399010329 0.35198065651766247
0 0.62421875 0.5953125 0.0703125 0.228125
0 0.55546875 0.41640625 0.0546875 0.1546875
0 0.30703125 0.4046875 0.0515625 0.13125
0 0.2337387833195878 0.6271745365953328 0.05346729546028879 0.2268352107723885
0 0.73984375 0.4328125 0.0515625 0.1875
0 0.79296875 0.52734375 0.0796875 0.3765625
0 0.9015625 0.546875 0.09375 0.415625
0 0.9474135237526763 0.5259190252806514 0.06170099577685786 0.34873748184962733
0 0.834375 0.54453125 0.06875 0.4109375