0 0.35707680937499997 0 0.389327221875 0.14732713749999998 0.45364031406249994 0.3963024359375 0.4602932828125 0.40636011875 0.46442842031250003 0.40690658593749995 0.4968972703125 0.3999209875 0.498981396875 0.38367514375 0.46707611406250005 0.25410697656250003 0.44585180781249995 0.143782796875 0.4153852859375 0.0196496078125 0.409873453125 0 0.35707680937499997 0
0 0.09921875 0.20078125 0.1609375 0.4015625
0 0.16640625 0.1125 0.1171875 0.225
0 0.738864158792491 0.14467294074393938 0.03408731252120454 0.08179547077900687
0 0.8049951341977197 0.3168167219935275 0.054528787293461 0.13056025324641088
0 0.8317312489885097 0.3446104853862081 0.04967759618646852 0.12579093262955982
0 0.7615997982628702 0.32620931290291805 0.05124009618646852 0.1258182061685101
0 0.7427233126908405 0.3446183936660388 0.056145850995791946 0.13215002678536117
0 0.70859375 0.378125 0.0515625 0.121875
2 0.6748487880112513 0.18962120210802516 0.04140873920022674 0.06786933847375849
2 0.7532540410064762 0.1542934025944925 0.02658234736759475 0.04574887662320535
0 0.43515625 0.71953125 0.2359375 0.5609375
0 0.09453125 0.76953125 0.1890625 0.4609375
0 0.1103200073412122 0.7828490507280533 0.14420144482000766 0.41788870373287834
0 0.1462053997219983 0.6031166862797125 0.06979168874473984 0.16518071509696391