0 0.227064709375 0.51875 0.2331712796875 0.4670607890625 0.2413995984375 0.3414347890625 0.24629971875 0.186332190625 0.2529808921875 0.110563190625 0.24640413125 0.10022932968750001 0.21600779218750002 0.096014315625 0.208003259375 0.09943683125 0.20527207343749998 0.107516375 0.19560601093750002 0.2135639265625 0.193347471875 0.27863281875 0.1773236 0.4535348734375 0.173869246875 0.51875 0.227064709375 0.51875
0 0.01328125 0.3234375 0.0265625 0.390625
0 0.596875 0.18984375 0.10625 0.3796875
0 0.6902256823564146 0.23279133674484234 0.08620007414373809 0.35198065651766247
0 0.8109375 0.24375 0.121875 0.4875
0 0.9361894397707886 0.26937022794080245 0.08074857018940537 0.33320338544042355
0 0.9921875 0.2125 0.015625 0.3125
0 0.39375 0.74765625 0.140625 0.4578125
0 0.06328125 0.69140625 0.0890625 0.3453125
0 0.15546875 0.60390625 0.0640625 0.1703125
0 0.57421875 0.6390625 0.0734375 0.240625
0 0.653125 0.59765625 0.04375 0.1578125
0 0.7375 0.65078125 0.08125 0.2640625
0 0.7749269931170988 0.63661681527482 0.061656377490048445 0.20968407220870705
0 0.5390625 0.59609375 0.01875 0.1546875
2 0.6386843814815621 0.8966998215213359 0.0801570266917457 0.12699883723582167