0 0.059375 0.209375 0.11875 0.41875
0 0.14375 0.19296875 0.109375 0.3859375
0 0.4231490148310357 0.12488741227319902 0.1150779688253194 0.21620678298109555
0 0.8984061049240081 0.22456678804926114 0.05114687278026224 0.12837043969514958
0 0.359375 0.35390625 0.06875 0.1296875
0 0.1640625 0.5109375 0.071875 0.159375
2 0.07767371580010085 0.8128520623479538 0.06771165990702759 0.09722952400410509
0 0.6256837889683508 0.5743071919346449 0.1022608945717888 0.2786067890312197
0 0.71875 0.5609375 0.103125 0.284375
0 0.8109375 0.55390625 0.0875 0.2703125
0 0.89453125 0.5515625 0.1015625 0.265625