0 0.137254965625 0.3296875 0.1204730265625 0.2296330828125 0.10089748437499999 0.077197075 0.0908382953125 0.066073809375 0.074205678125 0.0657031234375 0.0385852390625 0.0778967859375 0.017411584375 0.10477049218750001 0.042370646875 0.1598874078125 0.05508468749999999 0.21819041249999999 0.0750105390625 0.3286042453125 0.07514403593749999 0.3296875 0.137254965625 0.3296875
0 0 0.3296875 0.081413459375 0.3296875 0.054123498437499994 0.1847538484375 0.0168050515625 0.10625804375 0.0167341203125 0.0992732234375 0.023476917187499998 0.089894959375 0.012003446875 0.016021521875 0 0.0103929015625 0 0.3296875
0 0.26953125 0.19765625 0.1265625 0.2640625
0 0.35703125 0.171875 0.1171875 0.315625
0 0.678802371875 0 0.6879080015625 0.1163296828125 0.7128625578125 0.3296875 0.7613226375 0.3296875 0.75057925 0.227500378125 0.7447889515625 0.11642261875 0.732641309375 0 0.678802371875 0
0 0.471875 0.07578125 0.084375 0.1515625
0 0.4671875 0.4578125 0.075 0.25625
0 0.534375 0.40625 0.053125 0.153125
0 0.62578125 0.45 0.1046875 0.240625
0 0.6703125 0.42421875 0.084375 0.1890625
0 0.4421875 0.4359375 0.025 0.2125
2 0.5849701560909663 0.6921191534054513 0.08292660580511538 0.1384090666772721