0 0.0234395359375 0 0.0153240625 0.0753710703125 0 0.1689448609375 0 0.4796875 0.027162573437499997 0.4796875 0.0334518828125 0.4462945875 0.053209607812500004 0.296750303125 0.058545203125 0.22563995 0.0856248765625 0 0.0234395359375 0
0 0.20703125 0.17265625 0.1140625 0.3453125
0 0.3125 0.13359375 0.10625 0.2671875
0 0.8453125 0.26796875 0.15625 0.4234375
0 0.051129989202830475 0.7610665410064762 0.04046182448483506 0.14322421034428628
0 0.1303080037249776 0.7912476035276806 0.08748222490439801 0.3318700480932343
0 0.1608000645128583 0.8126786594254632 0.07355958963168216 0.2098313569862416
0 0.09504593256413471 0.7500670428205747 0.057721102079236884 0.18590278366526397
0 0.5052730375431567 0.8498090932760617 0.05490283278320494 0.1281448473675948
2 0.6265625 0.9546875 0.153125 0.090625
2 0.4921875 0.76640625 0.084375 0.0640625
2 0.6140695423170414 0.7682267657787326 0.08489706348717299 0.07153274881887359
2 0.5108871879627195 0.6620089929132419 0.08707487012586874 0.059141876223535325
2 0.6146508053892961 0.69853182467174 0.08250576929603178 0.06054068511654283
2 0.4890625 0.9640625 0.078125 0.065625