0 0.36221443896729094 0.06870488068852439 0.030290556743059936 0.1293621683207995
0 0.3803566852063673 0.10071686001035988 0.025512128529814503 0.12601884449948209
0 0.3168564748606683 0.06925284429459425 0.027074628529814505 0.12609161910658778
0 0.2930014377136498 0.08288085070473503 0.03189852084968248 0.13099744292790555
0 0.25013798779279206 0.11538728970369902 0.02573944906292791 0.13383134449948209
2 0.35570968936300246 0.22155805293826542 0.031278743731793845 0.05607021753501122
2 0.34609375 0.29140625 0.0296875 0.0171875
2 0.37746266890903135 0.24323184574233636 0.02806281551854841 0.0527996683207995
0 0.3270495479675712 0.46529728267438564 0.05918844655564541 0.15723461124870503
0 0.229765371007967 0.4557468083149489 0.07384197994174038 0.17820208271265772
0 0.45304975831327016 0.4938503141059171 0.06419419530200407 0.16839043507002263
2 0.4191761781467383 0.7277737038906694 0.13948370031656906 0.12820639081820956