0 0.2453125 0.02265625 0.01875 0.0453125
0 0.2530451275435876 0.18607960289433462 0.03200449980360833 0.1322384151526908
0 0.26925593482337584 0.22101258334949722 0.027289728726369412 0.12716827787978707
0 0.20775080826174688 0.17925577592293304 0.02885222872636941 0.12729582363742153
0 0.18345933538910994 0.1897788166795978 0.03356699980360833 0.13236596091032524
0 0.13876445892567676 0.2142687625870135 0.027335180521767553 0.13498077787978707
2 0.16953125 0.028125 0.0296875 0.05625
2 0.25625 0.0203125 0.01875 0.040625
2 0.23653381753332486 0.3371478953179892 0.03156816256778665 0.05723841515269079
2 0.25625 0.3515625 0.028125 0.034375
0 0.14288641588743634 0.5022301166892962 0.07943401170746504 0.2313772878817268
0 0.3263978317748727 0.6657180160901712 0.052389722676245046 0.1463965100019397
0 0.34954444028432474 0.7176312024546894 0.04474993949875809 0.1754462812137671
2 0.15 0.8265625 0.296875 0.346875
0 0.66328125 0.4140625 0.0515625 0.090625
0 0.63203125 0.44609375 0.0578125 0.1546875
0 0.656947353244895 0.6232768428923949 0.05911242134838535 0.22815669303247788
0 0.7713280158126816 0.577900183199716 0.06763396935659553 0.3506694218206505
0 0.8886427808397961 0.5655911150223061 0.08006124648395847 0.3391897878817268
0 0.97421875 0.565625 0.0515625 0.221875
0 0.91484375 0.42109375 0.0546875 0.1046875
0 0.596246202580965 0.5776775583446481 0.05756810206654457 0.23115414727484324