0 0.2421875 0.55234375 0.065625 0.0953125
0 0.25078125 0.56640625 0.0671875 0.0671875
0 0.20078125 0.5453125 0.0640625 0.109375
0 0.17265625 0.54765625 0.0703125 0.1046875
0 0.12265625 0.5578125 0.0578125 0.084375
0 0.28923571542677096 0.3934883346102726 0.04482441818411544 0.0930821420651398
2 0.20800844748008224 0.39743935821720877 0.051909492478152595 0.06853716837349921
2 0.29592598462710085 0.40479756093274927 0.039045779625171126 0.05530912628012441
0 0.71328125 0.02265625 0.0578125 0.0453125
0 0.128749059375 0.6 0.0602334421875 0.8285228734375 0.027859184375000002 0.921374934375 0.0295454625 0.932231115625 0.063176003125 0.9463934593750001 0.0773371125 0.9386355765625 0.088349371875 0.9195988609375 0.12487044375 0.826463878125 0.1734447203125 0.6805238046875 0.1926042640625 0.6105158046875 0.1959714625 0.6 0.128749059375 0.6
0 0.059022053124999994 0.6 0.009072334375000001 0.7584243984375 0.001682121875 0.7962830390625 0.0077733031250000004 0.7995245343749999 0.0368010203125 0.7975440671875 0.0573113953125 0.78569591875 0.0729264796875 0.7828020125 0.0763506046875 0.777866440625 0.0959489671875 0.733166821875 0.1222148515625 0.6459559125000001 0.138369896875 0.6 0.059022053124999994 0.6
0 0.32109375 0.65703125 0.1828125 0.1140625
0 0.53984375 0.66640625 0.0609375 0.1328125
0 0.6234375 0.70390625 0.1625 0.2078125
0 0.73359375 0.72109375 0.1609375 0.2421875
0 0.8134508022572202 0.7157750453594952 0.12350701082055267 0.22401289462538862