0 0.374663666463282 0.3042109539306395 0.04884422249741007 0.10988407733927233
0 0.3505005744449994 0.28653310526736664 0.05723891935425698 0.12247498400699967
0 0.3108558775881525 0.2994876386060028 0.057238919354256804 0.12247498400699967
0 0.29119619499932925 0.31923706460854817 0.05709337014004516 0.11934998400699967
0 0.2553657028572121 0.35088705394654784 0.05731169396136275 0.12403748400699968
0 0.2978764962804556 0.12551433660886638 0.03616013192686936 0.07225680800445425
2 0.23077673346017397 0.17470636195100225 0.04204625889134013 0.06451703333863605
2 0.3775082225019192 0.42754845659613955 0.0369948858558109 0.056649989337999786
2 0.38587934057504975 0.4992870965945489 0.04429796360606986 0.04580339600572714
2 0.39823809946639 0.4351155085932762 0.02562073821317572 0.0471477200031817
0 0.63046875 0.3265625 0.1421875 0.465625
0 0.7199570115819365 0.29890474124764027 0.14199071670644176 0.3327226880171811
0 0.8467571060814185 0.275566143897232 0.20032125516728633 0.4786351720241807
0 0.47000723750000006 0.559375 0.51707821875 0.7602823578125 0.523448471875 0.76980700625 0.5275741953125 0.7700172359375 0.559375 0.7606535234375 0.559375 0.7282402921875 0.5346804406250001 0.6168700125 0.5251368734375 0.559375 0.47000723750000006 0.559375
0 0 0.559375 0 0.630305171875 0.02160839375 0.719976353125 0.0978713625 0.9654293078125 0.10681875468749999 1 0.1687401609375 1 0.1535025203125 0.9290981374999999 0.114306546875 0.7867344640624999 0.091865425 0.7206649234375 0.0452998203125 0.559375 0 0.559375
0 0 0.886376115625 0.0137596984375 0.9331836453125 0.028505290625000002 0.9673180421875 0.035675076562500005 0.966631953125 0.0600660859375 0.9494747296874999 0.071438628125 0.9290255515625001 0.083533671875 0.918338953125 0.0837731140625 0.9125682671875 0.07591517656249999 0.8664304906249999 0.050066657812500005 0.7828386640625 0.0080233765625 0.618512653125 0 0.592712990625 0 0.886376115625
0 0.16328125 0.67421875 0.1640625 0.2296875
0 0.6951873671875 0.559375 0.7161718390624999 0.6678912140625 0.77332821875 0.9118448578125001 0.779698471875 0.9213695062499999 0.7838241953124999 0.9215797359375 0.8165478578125 0.9119442890624999 0.8191088624999999 0.8955147046875 0.790930440625 0.7684325125 0.7728888296875001 0.6597412265625 0.7507186515625 0.559375 0.6951873671875 0.559375