0 0.40234375 0.3921875 0.0234375 0.075
0 0.38125 0.37734375 0.028125 0.1046875
0 0.340625 0.3796875 0.028125 0.1
0 0.31796875 0.38828125 0.0296875 0.0828125
0 0.278125 0.39921875 0.028125 0.0609375
0 0.35388617751015267 0.21697133724110848 0.0202309592838688 0.07278505261671846
2 0.28078863895348977 0.2510270898013573 0.028804922886674154 0.06083108418674961
0 0.25371619678848417 0.5967267266754125 0.06594158235511323 0.20309417889684286
0 0.3443307048080486 0.6157581767601171 0.058487632631968364 0.3054001315417961
0 0.42808394354928164 0.650088403153181 0.06740155767811089 0.3230426578501554
0 0.4968129595884106 0.6947036821629633 0.05939119370616517 0.19804265785015537
0 0.5675178809339253 0.5988381743410427 0.060811596234773724 0.29308214206514
0 0.58359375 0.5640625 0.0609375 0.26875