0 0.38359375 0.2875 0.0328125 0.165625
0 0.37578125 0.30703125 0.0484375 0.1546875
0 0.34096133353671804 0.33793555560049027 0.052953833746115106 0.16670165258848363
2 0.3277592045053327 0.15539607138550587 0.03201628742738745 0.05172909997176518
2 0.39609375 0.1296875 0.0078125 0.046875
0 0.7439278600058508 0.3975079766754125 0.07977319892376152 0.20722023677523324
0 0.83515625 0.3859375 0.0796875 0.265625
0 0.92109375 0.3953125 0.0890625 0.246875
0 0.978125 0.44609375 0.04375 0.1453125
0 0.34140625 0.5515625 0.0765625 0.065625
0 0.1453125 0.60546875 0.059375 0.1734375
0 0.1867146734880861 0.8358640923616061 0.05750009263745515 0.23085515785015556
0 0.2328125 0.9625 0.0625 0.075
0 0.62734375 0.97890625 0.0359375 0.0421875
0 0.5875 0.9828125 0.0375 0.034375
0 0.5890049195591447 0.8535990819794368 0.025222631926869354 0.07314907366340577
2 0.5180588728261324 0.8945495766471776 0.03252570967712849 0.06266659997176519