0 0.38828125 0.14296875 0.0609375 0.1703125
0 0.39765625 0.14140625 0.0421875 0.1546875
0 0.35225646057450427 0.1387481580601336 0.07374767735518084 0.16177384134309047
0 0.337158171904868 0.16045043539145185 0.07051358935390813 0.15236247867599956
0 0.30628943256686825 0.19447089938731565 0.07689085868872621 0.1633727040101814
2 0.26796875 0.02109375 0.0390625 0.0421875
2 0.41328125 0.2640625 0.0109375 0.053125
0 0.8765625 0.21953125 0.246875 0.4390625
0 0.5375 0.2515625 0.2375 0.375
0 0.4734375 0.23125 0.109375 0.415625
0 0.5578125 0.259375 0.16875 0.359375
0 0.6075370432845477 0.15159305605504292 0.10427151869827131 0.233994286680454
0 0.08358937126036699 0.8532464627227702 0.03688292934436319 0.08166817067154533
0 0.153125 0.97734375 0.059375 0.0453125
0 0.109375 0.98515625 0.05625 0.0296875
2 0.02109375 0.90234375 0.0421875 0.0671875
2 0.09834221459263973 0.8612316853914518 0.027107940006363407 0.04718408267027261
0 0.5609375 0.87109375 0.284375 0.2578125
0 0.5 0.84609375 0.1625 0.3078125
0 0.9171875 0.76875 0.165625 0.4625
0 0.65859375 0.86875 0.1796875 0.2625
0 0.7127603452816842 0.7972050007160887 0.10892265603118041 0.23092383068109026