0 0.2750729488682048 0.31738945915856476 0.042008042206636634 0.16988660266556704
0 0.2898485150208289 0.32086380014564925 0.03551258035608349 0.15564224623907635
0 0.23558375487455924 0.2982362938774431 0.04033644805083529 0.1635911385589445
0 0.21344965625453102 0.3137165413701607 0.040145533278183 0.15265363855894432
0 0.17244282670922625 0.33677360814235036 0.04348872158978567 0.16524456677218957
2 0.21139405276323883 0.16307168369002872 0.025927300324311543 0.053852425705962756
2 0.29051849107484157 0.14827574630558332 0.025872753246410873 0.050727425705962934
2 0.26813538190480185 0.4464321014784328 0.03066934740221221 0.05711381802583091
2 0.2812257171321494 0.45698315657214 0.021076159090609538 0.04434103338609478
0 0.8210647796874999 0.4890625 0.83844 0.37891180625 0.8517923828124999 0.2526697234375 0.8630168218750001 0.09708190156249999 0.872789146875 0.020851328125 0.8666310625 0.01084666875 0.8363947015625 0.00821734375 0.8282475406250001 0.012064109375 0.8251859453125 0.020298596874999998 0.811193328125 0.127008671875 0.8062815234375 0.192291753125 0.7831219203125 0.3682907796875 0.771847228125 0.4890625 0.8210647796874999 0.4890625
0 0.06640625 0.93828125 0.0640625 0.1234375
0 0.22265625 0.9203125 0.0609375 0.159375
0 0.02421875 0.9359375 0.0484375 0.128125
0 0.31015625 0.95234375 0.0859375 0.0953125
0 0.9387105292242885 0.700032126089039 0.05985010714144483 0.2078867078384164
0 0.97578125 0.5453125 0.0484375 0.1125
0 0.8956287309285719 0.6630238710744741 0.06955238960884902 0.22690949247815267