0 0.45 0.48984375 0.059375 0.0390625
0 0.409375 0.48125 0.05625 0.05625
0 0.3890625 0.49140625 0.05625 0.0359375
2 0.38127567725907874 0.3995782583657759 0.031839861884498964 0.05427100593149916
2 0.46041687404077003 0.388518741559862 0.030168101240837332 0.052644838935304604
0 0.7028003880386264 0.20368082654083394 0.03432000569998319 0.11201983893530461
0 0.6845367070963769 0.177786830000875 0.04144409084927716 0.12477450692008211
0 0.6436385554872226 0.17553592190192918 0.041444090849276985 0.12477450692008211
0 0.6201846299928547 0.18746026034294233 0.0426788089182919 0.12015067391627668
0 0.5767459864294721 0.20489976973448237 0.04144409084927707 0.12477450692008211
0 0.67890625 0.0203125 0.0265625 0.040625
2 0.60234375 0.0296875 0.0359375 0.059375
2 0.6710965559914257 0.32171058494379084 0.0303866225281606 0.05576983893530461
2 0.6580991652780346 0.3935365054000265 0.040340776735205176 0.04215300790866543
2 0.687814162428043 0.3366989149818469 0.02046531930985207 0.047575336958138335
0 0.1397659828125 0.509375 0.139823321875 0.5276083546875 0.1334110859375 0.64952648125 0.1361359890625 0.91132383125 0.13292733125 1 0.18996396875 1 0.19149389375 0.9937427750000001 0.19894078906249998 0.8969532906250001 0.20211784531250002 0.7469448125 0.199577353125 0.6757788015624999 0.2010980921875 0.509375 0.1397659828125 0.509375
0 0.05799371875 0.509375 0.054980865625 0.5578046671875 0.05968298749999999 0.662539146875 0.0588861609375 0.8419597921875 0.0631754453125 0.8798754046875 0.070141340625 0.8818333640624999 0.09802435937500001 0.8743618296874999 0.1145404453125 0.859008915625 0.1289822953125 0.8532268046875 0.13083792968750002 0.8478123 0.1364437234375 0.8009620250000001 0.13563257812500001 0.7118489984374999 0.14232174687500002 0.5398644296875 0.1419967453125 0.509375 0.05799371875 0.509375
2 0.3 0.640625 0.121875 0.2625
0 0.67890625 0.6140625 0.0890625 0.209375
0 0.59296875 0.58828125 0.0671875 0.1578125
0 0.753125 0.56484375 0.04375 0.1109375
0 0.834375 0.62578125 0.096875 0.2328125
0 0.86875 0.60546875 0.08125 0.1921875
0 0.7953125 0.56875 0.0625 0.11875
0 0.7117658426139879 0.8318257311797387 0.07472648441265975 0.11055018083635879