0 0.36643713924254956 0.4308140293627182 0.030978374681726706 0.11266659997176517
0 0.35660815324636763 0.4032805635635851 0.03581132535009015 0.12543961575678075
0 0.317600197247004 0.40086819510538146 0.03737382535009015 0.1255306210184525
0 0.29488940324636764 0.40687527139962326 0.03733746268299924 0.1224056210184525
0 0.2524837272438223 0.42808241346476317 0.03737382535009015 0.1255306210184525
0 0.3647581026018666 0.2396352925168978 0.024273841343090474 0.0732400789250777
2 0.29660753926641215 0.2592190213996233 0.03517497867599957 0.07075211575678075
2 0.3747507205999575 0.2531062583160308 0.024055665340545217 0.05449007892507769
2 0.33163433056177755 0.536676892488663 0.031922709341181486 0.05963260523343692
2 0.3128746925525507 0.6056922029978893 0.030287484006999675 0.05329159997176518
2 0.3440343332272776 0.5445426003952882 0.02080339600572696 0.04337056840173403
0 0.8328125 0.28671875 0.178125 0.5734375
0 0.7489961952578217 0.29855047702834836 0.13092711473581495 0.5166554209337478
1 0.4234375 0.86953125 0.109375 0.2609375
1 0.634375 0.8515625 0.090625 0.225
1 0.4725075152769117 0.8801168083725006 0.06342834269572588 0.2176117052052021
0 0.90390625 0.86953125 0.1921875 0.2609375
0 0.82109375 0.86953125 0.1796875 0.2609375