0 0.14886735665543965 0.356736517266094 0.03883168973360753 0.10977498933799978
0 0.1310723615983556 0.33351719326863927 0.04565469269935694 0.12391021467218159
0 0.09244094311928644 0.34255638594050275 0.04721719269935694 0.12392839600572696
0 0.07165094064782847 0.35451149327659354 0.04702619171077371 0.11924089600572714
0 0.036752017225843446 0.38693364194782054 0.04721719269935694 0.12392839600572714
0 0.08978281121779474 0.17782172394177548 0.031053681824941927 0.07220226400381798
2 0.028879803309129315 0.2160126146165023 0.04036501482874764 0.07074885200509069
2 0.1034314757425312 0.1878143419398664 0.02872717787060921 0.05343408267027261
2 0.1467544169218323 0.4660842452657759 0.035168178859192524 0.05819430800445424
2 0.14857690209308477 0.5363422012651394 0.03341467787060921 0.0534886266709087
2 0.1606259159332491 0.4706081132638669 0.023594008897248563 0.04244203866963616
0 0.59375 0.3046875 0.109375 0.609375
0 0.68046875 0.3046875 0.2578125 0.609375
0 0.840625 0.20859375 0.16875 0.4171875
0 0.7796875 0.21640625 0.140625 0.4328125
0 0.0890625 0.8046875 0.178125 0.390625
0 0.26328125 0.8046875 0.1546875 0.390625
0 0.39921875 0.8046875 0.2265625 0.390625
0 0.50625 0.8046875 0.065625 0.390625
0 0.30625 0.7625 0.1625 0.30625
0 0.434375 0.803125 0.175 0.3875
2 0.56328125 0.9359375 0.0484375 0.0625
2 0.56796875 0.98203125 0.0578125 0.0359375