0 0.3248051155526882 0.4203469224705829 0.04396485870696818 0.1219041749048598
0 0.33797627760596677 0.4427949254363324 0.04565469269935694 0.12509284190105419
0 0.2884365340317574 0.4102569980600147 0.04189302273741298 0.10934050790866542
0 0.26705628254888264 0.4164287436113904 0.045272690722190576 0.11571784190105419
0 0.21713719559074435 0.43161073323126703 0.03994852076024671 0.09990184091247087
2 0.2719413952101835 0.2773344101132933 0.033669345855386903 0.06064833992388792
2 0.34866306270066955 0.27654784292681833 0.026846342889637498 0.046331171939110405
2 0.2890625 0.521875 0.040625 0.015625
0 0.9640625 0.21953125 0.071875 0.4390625
2 0.54296875 0.5390625 0.0265625 0.01875
2 0.3475833823586022 0.9255464170333754 0.025474843878220455 0.05095500494291585
2 0.4184861313700191 0.9331307653602202 0.017025673916276674 0.03501166996194396