0 0.0831291724488703 0.4777017319868044 0.04575852333785928 0.12135817445232178
0 0.10478090290403293 0.4946990153728992 0.04601361485312836 0.12448317445232178
0 0.04588426396413938 0.47973559342786 0.043175657276782964 0.10881271034569906
0 0.028999652904032926 0.4924940062016992 0.045248340307321125 0.11510817445232177
0 0.0046875 0.5203125 0.009375 0.096875
2 0.044114985625310334 0.33393736012090736 0.02713632697140156 0.04599446159934022
0 0.89296875 0.11171875 0.1046875 0.2234375
0 0.80546875 0.09609375 0.1078125 0.1921875
0 0.97109375 0.1265625 0.0578125 0.178125
0 0.72265625 0.07734375 0.0890625 0.1546875
0 0.08984375 0.784375 0.1796875 0.43125
0 0.21875 0.784375 0.25 0.43125
0 0.36640625 0.784375 0.1640625 0.43125
0 0.3125 0.784375 0.15 0.43125
0 0.6546875 0.784375 0.25 0.43125
0 0.57265625 0.784375 0.1671875 0.43125
0 0.71640625 0.753125 0.1359375 0.36875
0 0.771875 0.6359375 0.08125 0.134375