0 0.35949026514973104 0.3657381175588883 0.028245368317029573 0.11116064060688338
0 0.34617892307047365 0.3393509607411474 0.03375191567207612 0.12560577787978708
0 0.30697991517796586 0.3401958546820108 0.03375191567207612 0.12560577787978708
0 0.2846876862246533 0.34829526816771156 0.035041399887060544 0.12104582363742153
0 0.2453822625188951 0.37426770786620944 0.03375191567207612 0.12560577787978708
0 0.3312001232257654 0.17651612089286822 0.022936242036904985 0.07340554909161448
2 0.26730422319753055 0.2115605427135187 0.02653167889684287 0.055038186364518
2 0.3362718440042216 0.46575396407512726 0.031037168373499215 0.05229582363742154
2 0.3263955860411267 0.5387768758938382 0.03296368942018653 0.05867336939505634
2 0.35202564662094016 0.48016727937759923 0.033252115756780755 0.036925915152690794
2 0.3446024705666947 0.20446577771060923 0.020099668373499212 0.051403003333979846
0 0.98046875 0.03359375 0.0390625 0.0671875
0 0.91875 0.02421875 0.03125 0.0484375
0 0.9162499574125149 0.23703916164953293 0.05858531570031093 0.09808655575957417
0 0.98984375 0.2328125 0.0203125 0.090625
0 0.0921875 0.85234375 0.1375 0.2953125
0 0.39296875 0.86953125 0.1671875 0.2609375
0 0.26875 0.9109375 0.1 0.178125
0 0.3453125 0.83828125 0.08125 0.3234375
0 0.47734375 0.840625 0.1265625 0.31875
0 0.534375 0.92109375 0.06875 0.1578125
0 0.744374957412515 0.6479766616495329 0.05858531570031093 0.09808655575957417
0 0.8289319679358588 0.644214190737268 0.041033794653623445 0.09043355242559432