0 0.08515625 0.4359375 0.0203125 0.028125
0 0.67421875 0.25703125 0.1109375 0.3859375
0 0.76953125 0.225 0.1953125 0.45
0 0.940625 0.23515625 0.11875 0.4296875
0 0.1412259497976013 0.8784492703898679 0.03771244120271575 0.1532977168225127
0 0.18439609565915838 0.8599447100850174 0.03753537878738662 0.2095295361043535
0 0.21469442729636407 0.8335503817279903 0.025048666892456238 0.1500999939498758
0 0.24290795850402863 0.861848098550503 0.03597287878738662 0.20952044574527395
0 0.040110507124547556 0.8544163518701529 0.054143024648943695 0.22837043969514959
0 0.08994341078802073 0.8429839481811608 0.04436523292582972 0.1908249878997516
0 0.13240754975217275 0.793215752337691 0.028350729307785018 0.09388635538619425
0 0.6291674423343695 0.6456862464839586 0.0713991236990041 0.28938975292686625
0 0.68603491802411 0.6491430445903645 0.0662070126631562 0.33934430113146813
0 0.7890625 0.83046875 0.075 0.3390625
0 0.74609375 0.8625 0.0671875 0.275