2 0.05390625 0.01640625 0.0328125 0.0328125
0 0.825 0.11328125 0.059375 0.2265625
0 0.746875 0.09453125 0.065625 0.1890625
0 0.8890625 0.0734375 0.04375 0.146875
0 0.94921875 0.11875 0.0671875 0.2375
0 0.69140625 0.10625 0.0765625 0.2125
0 0.79453125 0.065625 0.0515625 0.13125
0 0.8640625 0.05625 0.04375 0.1125
2 0.7982801952791959 0.3302067706231644 0.045248340307321125 0.11615562101845249
0 0.19548951937565953 0.6988874231410609 0.07515846516238903 0.29206567363517094
0 0.1171875 0.6671875 0.078125 0.25625
0 0.26935771194909536 0.7652019388554893 0.06884507909743345 0.1766226841585148
0 0.03584332346824377 0.6448461232963526 0.06999299091614422 0.1906851841585148
0 0.32326396194909535 0.768341620383168 0.05752494182452992 0.1712981473268119