0 0.065625 0.51640625 0.025 0.0671875
0 0.0875 0.50859375 0.021875 0.0828125
0 0.12578125 0.51015625 0.0203125 0.0796875
0 0.1421875 0.5265625 0.01875 0.046875
0 0.03046875 0.5234375 0.0234375 0.053125
2 0.12140481046728606 0.3860005431217365 0.01030230032431163 0.05334320554708327
2 0.04662299877888874 0.3967548987450698 0.0178420649348082 0.03790004350298624
0 0.65 0.340625 0.08125 0.41875
0 0.90546875 0.3703125 0.1046875 0.359375
0 0.79140625 0.4046875 0.0609375 0.290625
0 0.9396717950460104 0.34359483757465314 0.07589566720498908 0.4109751740119444
0 0.6484375 0.64453125 0.05 0.1890625
0 0.7996410844132734 0.6977946411456255 0.043761456979289196 0.1806330573706944
0 0.9244871258091312 0.7366233646444798 0.051620595777359134 0.2729660277354167