0 0.38515625 0.66328125 0.02109375 0.10390625
0 0.40546875 0.65546875 0.01875 0.1203125
0 0.44375 0.65078125 0.0171875 0.10859375
0 0.46015625 0.6796875 0.01484375 0.10234375
0 0.34921875 0.68203125 0.01796875 0.11015625
0 0.38359375 0.053125 0.0203125 0.1015625
2 0.4703125 0.05703125 0.0265625 0.04609375
2 0.42890625 0.84609375 0.028125 0.0453125
2 0.4390625 0.5109375 0.0078125 0.053125
2 0.36484375 0.525 0.01640625 0.03671875
2 0.43359375 0.77734375 0.01875 0.0421875
2 0.45234375 0.78828125 0.015625 0.03515625