0 0.18749036199077315 0.0879674769789905 0.0324317866804539 0.10393048340326047
2 0.27883297732336415 0.1003625784335274 0.023946577339272322 0.04552598755244537
0 0.7277308172740482 0.23393301764564675 0.08141582137172546 0.28873245850815116
0 0.7773035559357302 0.27444054109086347 0.07527490937299816 0.29763386182749907
0 0.8257132365929578 0.3477013649509987 0.06938744135899881 0.19415366431700995
0 0.8935819892584579 0.3614454788530903 0.058449941358998815 0.19332487012586874
0 0.9157484379376392 0.27085636765029114 0.07514764003818009 0.286696361827499
0 0.9514228559436845 0.22898909897895914 0.07038741470399827 0.28009116431701014
0 0.98125 0.19140625 0.0375 0.1890625
0 0.6685830839433662 0.20990259917945178 0.066189716024817 0.1876668659766839
0 0.0828125 0.88671875 0.1125 0.2265625
0 0.23125 0.84296875 0.15625 0.3140625
0 0.39453125 0.89609375 0.1140625 0.2078125
0 0.546875 0.84296875 0.14375 0.3140625
0 0.0854529579487751 0.8066223885967082 0.1006930800445434 0.3354657485501075
0 0.4984375 0.81171875 0.121875 0.3765625
0 0.92109375 0.59609375 0.0921875 0.1734375
0 0.62890625 0.7703125 0.0203125 0.246875
2 0.892510385264185 0.7979265078973844 0.15412606802990786 0.23179721950581325