2 0.016275610794892793 0.04197814290209325 0.03204093262956 0.0478634151526907
0 0.5466560008074837 0.23367233789142502 0.056514827109672795 0.10915160151720862
0 0.5685310008074836 0.23545797849830857 0.061447788960225846 0.12359673879011232
0 0.6061810052717105 0.24711282668153745 0.05500687418757337 0.11214905575957416
0 0.6122224995896677 0.2803717368332583 0.05021028003177204 0.10551641848667045
0 0.5069077081938098 0.2358886710717444 0.05659664772652384 0.11383910151720862
2 0.5288214387120492 0.4186692201633589 0.043087526785361166 0.0550062354561323
2 0.6475991176914564 0.11709035789530446 0.02592730032431163 0.05516573212215263
2 0.5723945661493289 0.09924941152884674 0.028834112012708867 0.042920823637421536
2 0.5558554971540357 0.3584650438007805 0.03360343262955982 0.047990960910325245
2 0.5694231193130141 0.3759554327406741 0.02724433847375849 0.04123077787978709
0 0.3234375 0.6765625 0.13125 0.434375