0 0.35625 0.36875 0.025 0.121875
0 0.3625 0.3890625 0.0125 0.125
0 0.33085359943336873 0.3524079960647276 0.03751202335696498 0.1102162341605581
0 0.3118990109535667 0.3581281183407867 0.03925637978345566 0.11657549480421991
0 0.27550686988733986 0.3712401235365669 0.03567673871722894 0.10073197351689647
2 0.3163855856433152 0.23083899866261764 0.02948892319868044 0.04884169158591121
2 0.3395800785836862 0.48296958121402156 0.024710494985435094 0.045388909654926125
2 0.32055128226546764 0.5450489641337424 0.02948892319868044 0.04884169158591121
2 0.3516709016240821 0.49790616636331536 0.023193459092057722 0.04684214901126431
0 0.7252450747562555 0.35906754148936615 0.08984271615168674 0.3009940534704102
0 0.621875 0.41640625 0.1125 0.3671875
0 0.946875 0.4328125 0.10625 0.334375
0 0.78515625 0.621875 0.0328125 0.04375
2 0.86875 0.62421875 0.028125 0.0484375