0 0.27816693860072383 0.3755884274215367 0.031223423789861114 0.1199143937136938
0 0.2932120844622809 0.3936834559575839 0.033031585255250386 0.1246746683207995
0 0.2423965349372507 0.3655071060814185 0.030650213703953 0.10897689371369382
0 0.22487816429046442 0.37493776406313584 0.032540262324472026 0.11529966832079949
0 0.19148581015202143 0.39528880541946465 0.028596390773174284 0.09952911910658777
2 0.20804811114738958 0.2480670490093239 0.025812227498762753 0.046404119106587774
2 0.2740449253717408 0.23716162820732495 0.017098968792335613 0.028852746071058633
2 0.2733300316578903 0.49250409967127773 0.022605340343633172 0.044696069892376046
2 0.28726637889892837 0.504385515510878 0.021124727498762753 0.04618579528527036
0 0.9765625 0.13828125 0.046875 0.1421875
0 0.9253440745126582 0.25017751261539384 0.04955069990914298 0.17220463978475226
0 0.9671875 0.29296875 0.065625 0.2046875
0 0.5409956507227971 0.6766071561241997 0.03614994120271575 0.15443494292790544
0 0.6266675570998036 0.7571978765546952 0.04083744120271575 0.15465326674922295
0 0.6484375 0.81171875 0.021875 0.1828125
0 0.5030452713695834 0.6697599966947403 0.039691021030899165 0.13277826674922294
0 0.4738015066702624 0.7094967388368575 0.03064356965141819 0.13859161910658785
0 0.4296564382620396 0.823544276264245 0.03376856965141819 0.1387371683207995
0 0.98828125 0.78125 0.0234375 0.10625
0 0.9495041915414 0.8415794545098418 0.05720606965141819 0.13982878742738744
0 0.8953125 0.93125 0.05 0.1375
0 0.9328125 0.94921875 0.075 0.1015625