0 0.40639459687499996 0.45 0.39988416875 0.3796865921875 0.381694478125 0.25366831875 0.3541466203125 0.099115753125 0.34483913906249997 0.0227721734375 0.3363219359375 0.0138327296875 0.3060230953125 0.015637400000000003 0.2989878578125 0.020600893749999998 0.29802635624999996 0.029138765625 0.3107483859375 0.1360524640625 0.32210898125 0.200930503125 0.3430119515625 0.37727716875 0.35441614375 0.45 0.40639459687499996 0.45
0 0.05 0.3 0.1 0.3
0 0.12109375 0.27734375 0.0953125 0.3453125
0 0.9528587751699655 0.31658985470880696 0.07925500816812522 0.1854315577118811
0 0.98203125 0.309375 0.0359375 0.184375
2 0.7254241061920141 0.3047445860196675 0.11043096656500015 0.11626489546082901
0 0.221753984375 0.45 0.22146385624999998 0.45257626562500003 0.23418588593749998 0.5594899640625 0.24554648124999998 0.6243680031250001 0.2664494515625 0.8007146687500001 0.297700821875 1 0.346041875 1 0.33363515625 0.9145110078125 0.32332166875 0.8031240921875 0.30513197812500004 0.67710581875 0.2775841203125 0.522553253125 0.2687387390625 0.45 0.221753984375 0.45
0 0.01484375 0.79140625 0.0296875 0.4171875
0 0.04668281677309061 0.6997793222246693 0.0856530913743752 0.3261656851165428
0 0.7301518930454864 0.5830184081595189 0.026891114741388833 0.0821230192372937
0 0.7795557470532992 0.7603820055271135 0.042081010067986216 0.1310515925582713
0 0.8029029812857298 0.7908606792109111 0.03728440729444458 0.12620040145127884
0 0.7343887174180214 0.7650496581595189 0.03884690729444458 0.1262549651536098
0 0.7136950109210076 0.7815005481780523 0.04367987765916688 0.13266865626060245
0 0.6762683993137506 0.8168824874709463 0.039028745250347364 0.1340674651536098
2 0.6615480166205907 0.6204340734057958 0.03433993882958335 0.0667708377489479
2 0.7436695323881601 0.5936384496293311 0.021367160144236053 0.04602182813030105
2 0.7987265871934035 0.9132713925504223 0.03568423328249999 0.05745040145127902
2 0.80546875 0.98671875 0.0328125 0.0265625
2 0.8241629982875702 0.9328944117877158 0.03248649810013902 0.05421627404661713