0 0.45 0 0.443571684375 0 0.4190703546875 0.140288853125 0.385041534375 0.3916518203125 0.386816384375 0.4 0.43031102499999996 0.4 0.43271415625 0.395812040625 0.45 0.2784526234375 0.45 0
0 0.12890625 0.15 0.1328125 0.3
0 0.22890625 0.0875 0.1171875 0.175
0 0.01328125 0.5203125 0.0265625 0.240625
0 0.01953125 0.63984375 0.0390625 0.3203125
0 0.47734375 0.61796875 0.0546875 0.4359375
0 0.6265625 0.49609375 0.084375 0.1921875
0 0.66953125 0.5953125 0.1453125 0.390625
0 0.771875 0.62109375 0.146875 0.4421875
0 0.8197754224546288 0.6242111428485935 0.11579208974197108 0.34197220282385166
0 0.49996372849326604 0.5099119282797524 0.08202490363849116 0.18651181301126601