0 0.49249807187499994 0 0.4920445703125 0.0117662765625 0.49320754375 0.07676484375 0.48640985781249996 0.25101290625 0.4864070765625 0.259375 0.5429028265625 0.259375 0.544413934375 0.141845515625 0.5414350984375 0 0.49249807187499994 0
0 0.008918165625 0 0.011224696874999999 0.0238061859375 0.018140789062500003 0.1365100484375 0.0188530484375 0.2580051375 0.01894698125 0.259375 0.084862378125 0.259375 0.0747335265625 0.053356267187499994 0.0741486828125 0 0.008918165625 0
0 0.18671875 0.1296875 0.0734375 0.259375
0 0.2796875 0.1296875 0.06875 0.259375
0 0.7109375 0.0515625 0.071875 0.103125
0 0.59921875 0.05703125 0.0796875 0.1140625
0 0.76640625 0.0578125 0.0671875 0.115625
0 0.29097839967529904 0.44967382860541594 0.05714318401734033 0.20708933006601846
0 0.3186693021226083 0.6448591894913882 0.07376924189573071 0.22564384043361105
0 0.4312456258566014 0.6026313162115732 0.08813412073610394 0.33882734561740724
0 0.53046875 0.59375 0.0578125 0.35625
0 0.546875 0.39609375 0.025 0.1859375
0 0.31607783923665994 0.3601519988222215 0.0521070735222315 0.17400342799249993
0 0.25283990479579654 0.5955727975026383 0.05694576294241811 0.23039012902925932
0 0.5921875 0.4984375 0.065625 0.275
0 0.6949532681335028 0.5664498084358788 0.08971203128768242 0.3125382476909257
0 0.8174344838620486 0.6409015872295821 0.07117486291418337 0.26117123732333314
0 0.85703125 0.81328125 0.0890625 0.3734375