0 0.82265625 0.284375 0.3046875 0.56875
0 0.46796875 0.33984375 0.3546875 0.4578125
0 0.36953125 0.31875 0.2796875 0.5
0 0.509375 0.3546875 0.196875 0.428125
0 0.5484772800760107 0.22203307834852737 0.13793152645796614 0.28663861485312836
0 0.06885837912607098 0.8109994677474628 0.056066293532136414 0.09014651000193971
0 0.01015625 0.65078125 0.0203125 0.0984375
0 0.06273013059640906 0.634692059262732 0.047844357756487634 0.08169628121376701
0 0.17651042684207888 0.8018951479030629 0.07646068068726616 0.09336710485118864
0 0.72109375 0.784375 0.3046875 0.43125
0 0.40390625 0.7859375 0.3484375 0.428125
0 0.328125 0.784375 0.196875 0.43125