0 0.475 0.72265625 0.01953125 0.11796875
0 0.4921875 0.728125 0.01953125 0.121875
0 0.44140625 0.71015625 0.01953125 0.10625
0 0.42265625 0.71796875 0.02109375 0.1125
0 0.38984375 0.74140625 0.0234375 0.12265625
0 0.421875 0.12421875 0.015625 0.103125
2 0.509375 0.14453125 0.025 0.0421875
2 0.40390625 0.58828125 0.01875 0.046875
2 0.4765625 0.578125 0.0140625 0.0375
2 0.47109375 0.8328125 0.01875 0.03515625
2 0.4609375 0.89765625 0.0265625 0.03828125
2 0.48515625 0.84140625 0.01796875 0.03671875