0 0.3375 0.41875 0.040625 0.040625
0 0.35546875 0.4203125 0.0421875 0.0375
0 0.30234375 0.415625 0.0390625 0.046875
0 0.284375 0.41796875 0.040625 0.0421875
2 0.24413594620061368 0.3267046028943346 0.026824579953513707 0.050350686364518005
2 0.3148090791203345 0.3153842077455232 0.01991901609154336 0.040465503333980024
0 0.98125 0.1671875 0.0375 0.19375
0 0.503125 0.6484375 0.14375 0.41875
0 0.371875 0.603125 0.096875 0.328125
0 0.25390625 0.6484375 0.1484375 0.41875
0 0.1375 0.6046875 0.1 0.33125
0 0.08203125 0.58359375 0.1078125 0.2890625
0 0.0421875 0.58046875 0.084375 0.2828125
0 0.38671875 0.54765625 0.1046875 0.2171875