0 0.1797154984375 0 0.22311843750000002 0.238378959375 0.228966353125 0.2477241234375 0.233066771875 0.2478140828125 0.26618345 0.2372170515625 0.269598625 0.22070161718749998 0.2481930640625 0.09435592968749999 0.23749691562500003 0 0.1797154984375 0
0 0.96875 0.4171875 0.0625 0.1875
2 0.65234375 0.0140625 0.1234375 0.028125
2 0.643362655001844 0.30005366389280275 0.14092299352159499 0.1366264294638569
2 0.6950696476005883 0.5122683987459558 0.0971334207272058 0.10842965186945541
2 0.8187409916758938 0.17170075310027766 0.11794656847545255 0.11778134108157481
2 0.9484375 0.22578125 0.103125 0.1234375
2 0.98828125 0.18984375 0.0234375 0.1109375
0 0.22500028609265277 0.8532010520653037 0.10842947100406111 0.2119098493799445
0 0.3171875 0.846875 0.125 0.30625
0 0.403125 0.8484375 0.1375 0.303125
0 0.4625 0.8890625 0.075 0.20625
0 0.4875 0.778125 0.025 0.3