0 0 0.5390625 0.051142095312500004 0.5390625 0.053546017187499996 0.511119103125 0.0555620703125 0.44029756249999996 0.072728728125 0.207631084375 0.0898550546875 0.0559399359375 0.08276865624999999 0.0420107421875 0.06679149375 0.036145500000000004 0.0295047265625 0.035955828125 0.0027013953125 0.054537448437500004 0.013779559375 0.11531092031250001 0.012277598437499999 0.17506124843749998 0.0054230296875 0.2868400515625 0 0.332745140625 0 0.5390625
0 0.17265625 0.33203125 0.1140625 0.4140625
0 0.2759702732701045 0.26655225067736854 0.08543488582729193 0.3181568577564876
0 0.7625 0.1015625 0.128125 0.203125
0 0.70703125 0.0734375 0.1078125 0.146875
0 0.9734375 0.09765625 0.053125 0.1953125
0 0.10078125 0.76953125 0.2015625 0.4609375
0 0.0546875 0.76953125 0.109375 0.4609375
0 0.1978647634864587 0.7569891429208809 0.10654877925402814 0.42070200361804455
0 0.28515625 0.7265625 0.1015625 0.375
0 0.60859375 0.746875 0.1359375 0.415625
0 0.5578125 0.71171875 0.11875 0.3453125
0 0.8015625 0.63984375 0.06875 0.2015625
0 0.8453125 0.72734375 0.125 0.3765625
0 0.94453125 0.75859375 0.1109375 0.4390625
0 0.97734375 0.77265625 0.0453125 0.3515625
0 0.89609375 0.7234375 0.0953125 0.36875