0 0.49140625 0.209375 0.2859375 0.41875
0 0.3984375 0.1734375 0.15625 0.346875
0 0.66640625 0.209375 0.2671875 0.41875
0 0.809375 0.121875 0.175 0.24375
0 0.75390625 0.15 0.1546875 0.3
0 0.2265625 0.51484375 0.0875 0.1921875
0 0.04140625 0.74140625 0.0828125 0.2390625
0 0.02421875 0.94765625 0.0484375 0.1046875
0 0.65390625 0.64140625 0.1859375 0.4453125
0 0.75625 0.63828125 0.165625 0.4390625
0 0.5994366717536963 0.7175334586298393 0.15870212912607098 0.43833037727617336
0 0.815625 0.76015625 0.16875 0.4796875