0 0.02109375 0.01171875 0.0328125 0.0234375
2 0.1046875 0.0109375 0.028125 0.021875
2 0.00546875 0.425 0.0109375 0.046875
0 0.55859375 0.23671875 0.0984375 0.4734375
0 0.7316672563347131 0.2524720567888089 0.12876412681395485 0.45223518657189177
0 0.87421875 0.30859375 0.1796875 0.6171875
0 0.9828125 0.3375 0.034375 0.471875
0 0.7875 0.1125 0.1125 0.225
0 0.19530282515196692 0.7463175055591449 0.06889841567683304 0.11288179508134392
0 0.2818624507787876 0.7522907704880637 0.068625631037097 0.10350679508134393
0 0.3664420392585896 0.745750399878363 0.0558983105039836 0.095621572208707
0 0.4523795392585896 0.7462503696277419 0.06233016693047429 0.10190793364502548
0 0.7539323644105564 0.8882873578220811 0.06464883636823097 0.18159543364502556
0 0.803125 0.8984375 0.075 0.203125
0 0.96875 0.93203125 0.0625 0.1359375
0 0.8453125 0.91953125 0.08125 0.1609375