0 0.475 0.72265625 0.01953125 0.11796875
0 0.4921875 0.728125 0.01953125 0.121875
0 0.44140625 0.71015625 0.01953125 0.10625
0 0.42265625 0.71796875 0.02109375 0.1125
0 0.38984375 0.74140625 0.0234375 0.12265625
0 0.421875 0.12421875 0.015625 0.103125
2 0.509375 0.13984375 0.02109375 0.04453125
2 0.40703125 0.58671875 0.01953125 0.04921875
2 0.47421875 0.57578125 0.02109375 0.04453125
2 0.4765625 0.83203125 0.0234375 0.03984375
2 0.46640625 0.89296875 0.02421875 0.03984375
2 0.4890625 0.84140625 0.021875 0.025