0 0.5347913109375 0 0.5444469515625 0.0894490734375 0.5550558890625 0.153800959375 0.5739121984375 0.329240353125 0.6016319609375 0.51875 0.6504298140625 0.51875 0.6397963125 0.43963694374999995 0.630776596875 0.32867165 0.6140483015625 0.203472175 0.5882908796875 0.050198409374999996 0.5827238125 0 0.5347913109375 0
0 0.20099983593749998 0.51875 0.1925573359375 0.48419169687499997 0.147147 0.2539480828125 0.12314354999999999 0.10180167656250001 0.11276417968750001 0.09079993125 0.09612640624999999 0.0906228546875 0.060872754687499996 0.10322588125000001 0.0404880515625 0.130334946875 0.0670420796875 0.1851391671875 0.081447915625 0.24327060937499997 0.104579084375 0.3534078328125 0.12299653906250001 0.4741252953125 0.1327078859375 0.51875 0.20099983593749998 0.51875
0 0.142415540625 0.51875 0.11780381874999998 0.3709735703125 0.086141759375 0.22565868125000002 0.046552414062500005 0.14762882500000002 0.0462783109375 0.1406476625 0.0527460015625 0.13119478281250002 0.039127353125 0.0574848015625 0.022987821875 0.050204349999999995 0 0.0499954015625 0 0.1883252328125 0.013461899999999999 0.2469937921875 0.036613346875 0.409109365625 0.06235049375 0.51040478125 0.0640371578125 0.51875 0.142415540625 0.51875
0 0.28203125 0.3265625 0.1140625 0.384375
0 0.35472229879377715 0.240625 0.08463966217500314 0.3140625
0 0.8161678171405414 0.26875 0.06997719847574846 0.2109375
0 0.9134700640172835 0.1953125 0.10517942115199368 0.353125
0 0.9859375 0.1609375 0.028125 0.321875
0 0.75 0.0921875 0.0625 0.184375
0 0.7640625 0.05078125 0.071875 0.1015625
0 0.7397598532448949 0.2421875 0.07014082493918146 0.2390625
0 0.4777557986955812 0.76484375 0.05563289734428025 0.1625
0 0.5285006872592628 0.77109375 0.055687439498757915 0.171875
2 0.42734375 0.553125 0.0578125 0.06875
2 0.4317352924490653 0.61796875 0.059929511903856536 0.0953125
0 0.8156949984375 0.51875 0.8176621984375 0.537052853125 0.8544174468750001 0.7883347359374999 0.8599534734375001 0.798697978125 0.8640244750000001 0.7994586953124999 0.8972352046875001 0.794203475 0.9011117640625 0.7781360765625001 0.8835463125 0.64744944375 0.8745265968750001 0.5364841499999999 0.8721570812499999 0.51875 0.8156949984375 0.51875