0 0.152331253125 0 0.1537860625 0.0335580625 0.16025761562500002 0.0989156390625 0.167852775 0.275983171875 0.1884608609375 0.530675378125 0.1933236046875 0.541624015625 0.1973384859375 0.5428331171874999 0.2296875 0.5413189125 0.2296875 0.43861174687500004 0.2265519828125 0.3933802984375 0.2246496234375 0.28170679375 0.215963646875 0.1549834671875 0.200137109375 0 0.152331253125 0
0 0.35149549029653515 0.2886536385967081 0.11083832939624542 0.27332094606059654
0 0.2990202763240518 0.4006082643216544 0.11794150126594438 0.2536004419114116
0 0.7984399229660072 0.410252599603659 0.10053574645662096 0.24604805103961844
2 0.5089806080825501 0.3099869547831736 0.0748760036281972 0.09138386182749914
0 0.07906240727209254 0.8800034568577659 0.04191965988879929 0.12940408008391274
0 0.0986655791417915 0.9018551460698851 0.04186509618646852 0.12784158008391255
0 0.03439474801626545 0.8805353305081198 0.03884922359113023 0.13072978174358668
0 0.01640625 0.89609375 0.0328125 0.1359375
0 0.046083760081983005 0.7028247276036904 0.028219258437520444 0.09408188672260849
2 0.05755697342149411 0.7107439713799131 0.029871038474587407 0.05213118506293455
0 0.46640625 0.74765625 0.1328125 0.3765625
0 0.31015625 0.85625 0.1171875 0.2875
0 0.628125 0.6609375 0.10625 0.203125
0 0.7234375 0.66796875 0.08125 0.2171875
0 0.797018810622288 0.7688911259486609 0.09321929817805223 0.39353835767831424
0 0.875 0.9046875 0.1125 0.190625