0 0.0078125 0.11640625 0.015625 0.1046875
2 0.076731380826034 0.16060523873689064 0.02805929802252862 0.044623019237293705
0 0.95234375 0.228125 0.0953125 0.45625
0 0.8859375 0.165625 0.1375 0.33125
0 0.7703125 0.19375 0.209375 0.3875
0 0.65625 0.134375 0.140625 0.26875
0 0.515625 0.12578125 0.09375 0.2515625
0 0.6203125 0.10703125 0.153125 0.2140625
0 0.928125 0.1640625 0.14375 0.328125
0 0.40625 0.8421875 0.125 0.315625
0 0.334375 0.8671875 0.140625 0.265625
0 0.15390625 0.8109375 0.1734375 0.378125
0 0.2984375 0.821875 0.153125 0.35625
0 0.24375 0.8296875 0.146875 0.340625
0 0.665625 0.6890625 0.25625 0.340625
0 0.7921875 0.6671875 0.1875 0.296875
0 0.58359375 0.68515625 0.1953125 0.3328125
0 0.84375 0.93828125 0.1625 0.1234375
0 0.953125 0.80625 0.09375 0.33125
2 0.5356903896281102 0.8383358468194405 0.12952324505632137 0.11363096878180681