0 0.475 0.72265625 0.01953125 0.11796875
0 0.4921875 0.728125 0.01953125 0.121875
0 0.44140625 0.71015625 0.01953125 0.10625
0 0.42265625 0.71796875 0.02109375 0.1125
0 0.38984375 0.74140625 0.0234375 0.12265625
0 0.425 0.1140625 0.015625 0.103125
2 0.5125 0.13515625 0.01640625 0.04140625
2 0.40546875 0.5859375 0.015625 0.04765625
2 0.47734375 0.57578125 0.01484375 0.04921875
2 0.4765625 0.83359375 0.021875 0.0546875
2 0.46484375 0.89296875 0.02890625 0.04453125
2 0.4890625 0.83828125 0.0171875 0.03046875