0 0.08303915202703571 0.31826383884525633 0.06820177879370348 0.1207688569862416
0 0.10535364943513761 0.31356641516145894 0.05943237153638865 0.10955853847458741
0 0.13722836602328572 0.3375297048171726 0.06310417568342572 0.11591766587924894
2 0.09081411286573964 0.18320679256612057 0.03249943317629622 0.05098214664195542
2 0.16222022115981377 0.19325142596123213 0.021757422808703807 0.035029764427970275
2 0.10960023496777627 0.44271820182194777 0.04173773213953709 0.04974702885594055
2 0.0868749259197669 0.5054190984639032 0.033378427992499834 0.04322421034428636
2 0.12282269637212799 0.4594964740544663 0.033378427992499834 0.04322421034428636
0 0.8045192790765274 0.06129704311427477 0.07865126324231468 0.0977678666048885
0 0.7273416244111107 0.05693941452848672 0.07675657257314797 0.11172123920022684
0 0.6475174233743515 0.058159663347360356 0.08007706220555537 0.0962599303072194
0 0.559375 0.05078125 0.078125 0.1015625
0 0.77265625 0.57734375 0.0890625 0.1234375
0 0.623800853063795 0.5573809025475871 0.0828889953818516 0.14620536660488845
0 0.89296875 0.61796875 0.0734375 0.0421875
0 0.4361266128657396 0.7733010245099533 0.13517324825657367 0.22747521397248338
0 0.46640625 0.82734375 0.0859375 0.2015625
0 0.3586557237517119 0.7924627414776615 0.11614984618305506 0.2236954495445131
0 0.38828301809680416 0.934050040752022 0.06779167568342573 0.1160813569862416