0 0.37661904062499996 0 0.34675520625 0.111571328125 0.290753425 0.3585904484375 0.2922010046875 0.37032977031250003 0.2957321453125 0.372606128125 0.32865975937499997 0.3805568703125 0.3380599953125 0.36716570625 0.368634184375 0.239294465625 0.4001039046875 0.13299531250000002 0.4294874875 0.010531479687500001 0.43163864218750003 0 0.37661904062499996 0
0 0.078125 0.11875 0.15625 0.2375
0 0.178125 0.03671875 0.140625 0.0734375
0 0.88046875 0.1546875 0.2109375 0.309375
2 0.9484375 0.078125 0.103125 0.14375
0 0.24296875 0.575 0.2578125 0.190625
0 0.07109375 0.55859375 0.1421875 0.1578125
0 0.3558651707818804 0.8222657819935542 0.14266521637033697 0.1855874314570915
0 0.5015625 0.71328125 0.125 0.4671875
0 0.4671875 0.68125 0.05625 0.325
0 0.52265625 0.740625 0.1671875 0.51875
0 0.7421875 0.771875 0.221875 0.45625
0 0.83359375 0.78828125 0.2171875 0.4234375
0 0.875 0.84375 0.140625 0.3125
0 0.5734684194047546 0.6792368478350393 0.08427888939893542 0.1370897472985769