0 0.14402118916681203 0.28766243505274885 0.0424723079967011 0.11991901609154336
0 0.16389341996648216 0.2773094430985205 0.035949523356964976 0.11010697351689647
0 0.20024845711350067 0.2923770682245713 0.03921091567683312 0.11501299480421992
2 0.11580892412311723 0.1541725918576832 0.021721887305303157 0.0498578883676025
2 0.18579481518934404 0.1434096905006305 0.01350021034569906 0.03524908514929379
2 0.202534719649913 0.4021344804773873 0.032568459092057724 0.04749771287323483
2 0.21796875 0.4125 0.0234375 0.034375
0 0.7955899816576 0.1848869963168292 0.0884213054894186 0.14496257475773372
0 0.6868274324363874 0.37142579383515467 0.0656824874635877 0.11374542574646948
0 0.5575491093959916 0.34829466041123064 0.0810179824490227 0.158478771539425
0 0.9623335492877194 0.3194526564759583 0.06339256175762494 0.08863616510280767
0 0.8804052508579299 0.20256045139639375 0.0888304824490227 0.15902507475773361
0 0.41171875 0.67421875 0.0765625 0.4890625
0 0.078125 0.71484375 0.15625 0.5703125
0 0.09921875 0.6515625 0.0984375 0.44375
0 0.16953125 0.5140625 0.0515625 0.16875
0 0.415625 0.70390625 0.06875 0.5484375
0 0.72265625 0.67421875 0.1578125 0.4890625
0 0.4609375 0.52578125 0.021875 0.1921875