0 0.559375 0 0.5541613109375 0 0.5530602328125 0.017948665625 0.5527016171875 0.08339120625 0.5417969515625 0.25982012499999996 0.5357906390625 0.514440315625 0.5395074734375 0.52573353125 0.5433942140625 0.5272847390625001 0.559375 0.5279364359375001 0.559375 0
0 0.060992856250000005 0 0.066172790625 0.018064596875 0.070604484375 0.0781316625 0.0748960203125 0.191115828125 0.07276002031249999 0.3135868140625 0.084299690625 0.56875 0.1463488734375 0.56875 0.1467568671875 0.5589351875 0.144685103125 0.40843849375 0.1396653875 0.3372058046875 0.13359883749999998 0.1015911625 0.1348560140625 0 0.060992856250000005 0
0 0 0 0 0.0164394828125 0.002933396875 0.068398296875 0 0.177133346875 0 0.25132581875 0.0068529953125000004 0.33735032187499997 0.0123260484375 0.5172325359375 0.0179283078125 0.5550640484375 0.0249438640625 0.5567428484375 0.0524908765625 0.5481172796875 0.068426209375 0.5320546546875 0.0826272265625 0.5256702453125001 0.0842887234375 0.5201671796875 0.0882428078125 0.47297643593750005 0.0843208421875 0.38368333906249996 0.08498405 0.21101488906250002 0.0781947953125 0.06171852343749999 0.05928908125 0 0 0
0 0.24296875 0.22421875 0.0703125 0.4484375
0 0.34140625 0.12890625 0.0578125 0.2578125
0 0.8124845533702174 0.2574162166060283 0.05447721732199753 0.2080026767645647
0 0.7858567763464244 0.3314806786386645 0.05999023292582972 0.1944137734452168
0 0.8203125 0.490625 0.0625 0.15625
0 0.93203125 0.43125 0.0734375 0.275
0 0.75703125 0.4703125 0.0609375 0.196875
2 0.56640625 0.7453125 0.0140625 0.075