0 0.479004471875 0 0.479690984375 0.0146436171875 0.47803686093750003 0.191484296875 0.48535563125000003 0.4460195171875 0.4896531640625 0.45703094375 0.49361092968750003 0.4583077953125 0.527230290625 0.4573290734375 0.5296875 0.450680434375 0.5296875 0.014312687499999999 0.5289720906250001 0 0.479004471875 0
0 0 0 0 0.001966515625 0.006119810937499999 0.0502437015625 0.0163061578125 0.16270459375 0.02057750625 0.2850821546875 0.0416142046875 0.5 0.1055673203125 0.5 0.0972745 0.3747257953125 0.0885442953125 0.3039845234375 0.0701773734375 0.069259875 0.067408784375 0 0 0
0 0 0.5 0.0168022921875 0.5 0.020121759375 0.49622 0.0339522890625 0.4888570328125 0.0353218296875 0.48324889375 0.03679891875 0.43587561093750005 0.0282195640625 0.347033075 0.019855309374999998 0.174660253125 0.00527959375 0.026133396875 0 0.011722420312499999 0 0.5
0 0.18046875 0.20625 0.1015625 0.4125
0 0.26953125 0.09453125 0.0671875 0.1890625
0 0.8076521319552054 0.3208780022779001 0.06574226594251656 0.2141226841585148
0 0.9126948360482199 0.26038709428657025 0.09663149705932383 0.3576752630835925
0 0.7640669855278215 0.13575257338105723 0.05982645861557021 0.19041216837349922
0 0.7875 0.07421875 0.06875 0.1484375
0 0.7351120686353654 0.28452400234848724 0.06565373473485199 0.24215667889684286
0 0.5609375 0.76171875 0.0625 0.2578125