0 0.1125 0.16953125 0.128125 0.3390625
0 0.21171875 0.08671875 0.0828125 0.1734375
0 0.57421875 0.053125 0.1453125 0.10625
0 0.81171875 0.04921875 0.1234375 0.0984375
0 0.91875 0.07734375 0.140625 0.1546875
0 0.95859375 0.0515625 0.0828125 0.103125
0 0.85234375 0.06875 0.1109375 0.1375
0 0.46978708465730473 0.7474734541584737 0.08234259378086702 0.20509116431700997
0 0.54382915851744 0.8020201668158098 0.10469303569227861 0.31553175684847723
0 0.5984375 0.85390625 0.109375 0.2921875
0 0.6498297821677939 0.7657768587272213 0.05734074855010753 0.10066377344521679
0 0.63515625 0.9046875 0.0796875 0.190625
0 0.74296875 0.85703125 0.1015625 0.2859375
0 0.7985642027085811 0.8321975319673012 0.1038409307132568 0.3247883576783142