0 0.9266864099950511 0.1653209950629161 0.11442542740790565 0.21802526101791675
0 0.8748782485296619 0.16183362557187447 0.07102290818602874 0.13430357123840286
0 0.8487760939616777 0.1264598232351731 0.05960072930778502 0.0950228656913195
0 0.0546875 0.53671875 0.109375 0.3953125
0 0.13125 0.5484375 0.21875 0.41875
0 0.26171875 0.61875 0.3171875 0.559375
0 0.36484375 0.66328125 0.1703125 0.4921875
0 0.23203125 0.49453125 0.2265625 0.3109375
0 0.32734375 0.5640625 0.2453125 0.45
0 0.48828125 0.678125 0.0765625 0.371875
0 0.5 0.75 0.1 0.353125
0 0.56640625 0.77890625 0.2328125 0.4421875
0 0.68125 0.83359375 0.175 0.3328125
0 0.7984375 0.8203125 0.24375 0.359375
0 0.7591182089542545 0.7342892006099995 0.1570843181810801 0.31733558320625016