0 0.659375 0 0.6088834375000001 0 0.612704096875 0.04562666875 0.6436489828124999 0.2997537234375 0.648950490625 0.3107012171875 0.6530089359375 0.3119304390625 0.659375 0.3116694515625 0.659375 0
0 0.146315003125 0 0.150398978125 0.02225085625 0.1660260640625 0.1444234265625 0.2088383453125 0.36875 0.2723044140625 0.36875 0.250706621875 0.2330617203125 0.2354406328125 0.1625117265625 0.2076158125 0 0.146315003125 0
0 0.0654448640625 0 0.0728607203125 0.0626401875 0.0962695046875 0.1663508703125 0.12771528906250001 0.34509472343750003 0.13470703281250002 0.36875 0.1747825421875 0.36875 0.18519795625 0.355298565625 0.198281165625 0.3477841734375 0.19912318906249998 0.34216723125000004 0.1961901421875 0.29483691093750003 0.17939178125 0.20620687656249997 0.1550432796875 0.03415008125 0.14851717343749998 0 0.0654448640625 0
0 0.31484375 0.12109375 0.0921875 0.2421875
0 0.39296875 0.03125 0.0640625 0.0625
0 0.81640625 0.184375 0.1453125 0.36875
0 0.11232132060904694 0.8350331956977156 0.0808536998023559 0.20981292069139795
0 0.22421875 0.83359375 0.0890625 0.3328125
0 0.17061342079257358 0.6440875984424249 0.05819047355046649 0.14207985141192586
0 0.3296875 0.83828125 0.0875 0.3234375
0 0.25289529977412106 0.6106051602000496 0.07656104195220052 0.1628924565847753
0 0.39632678135826965 0.6093191080093364 0.051773873578701314 0.11225595909205772
0 0.42522459705858057 0.7037510696086766 0.06755006299888784 0.16886967194503916
0 0.42240895215084323 0.8830521247023839 0.07662122611071531 0.21748902837152997
0 0.48342277588483623 0.8325724030739137 0.06292274715740262 0.22332985141192588
0 0.66953125 0.64921875 0.0203125 0.2421875