0 0.24513123124999997 0.6390625 0.20262471093749998 0.5141283046875 0.1759218765625 0.448177196875 0.0975355203125 0.22654560781250002 0.05168650625 0.0792539828125 0.039806378125 0.0698069875 0.023294801562500002 0.0719486125 0 0.0841836296875 0 0.15749900156250002 0.008182971875 0.16957579843749998 0.03088768125 0.225123375 0.069780096875 0.33094480000000004 0.105536196875 0.44789773593750004 0.177372440625 0.6390625 0.24513123124999997 0.6390625
0 0.1710665171875 0.6390625 0.1709797171875 0.63521198125 0.160155134375 0.5891114 0.1289177171875 0.5056546 0.076291415625 0.34154294531249996 0.023844425 0.20208146093749998 0 0.168237159375 0 0.3859584609375 0.001372628125 0.3906061453125 0.04156496875 0.487310734375 0.0960377421875 0.6390625 0.1710665171875 0.6390625
0 0.22964292621568613 0.2889136447430388 0.16516870924797794 0.43961311542376225
0 0.288831898540872 0.1695163147986392 0.10976690271722304 0.28317957694917484
0 0.1265625 0.91640625 0.253125 0.1671875
0 0.21328125 0.9140625 0.1734375 0.171875
0 0.2640625 0.88671875 0.10625 0.2265625
0 0.71328125 0.81953125 0.1890625 0.3609375
0 0.76953125 0.81953125 0.1953125 0.3609375
0 0.68984375 0.79375 0.1203125 0.309375
0 0.9546875 0.765625 0.090625 0.253125
0 0.9109375 0.72734375 0.128125 0.1765625