0 0.039169643533651224 0.3298417812221344 0.05693177693097127 0.1198073858558109
0 0.04943043266306688 0.3482835661683225 0.05536927693097127 0.11973461124870503
2 0.0125 0.18125 0.025 0.053125
2 0.07978503229372454 0.19583280831043962 0.026807939695149587 0.0434246683207995
2 0.0078125 0.4421875 0.015625 0.015625
0 0.5800844932625047 0.227307594290085 0.052062469749379045 0.08833906203449331
0 0.49765625 0.021875 0.0546875 0.04375
0 0.575 0.04453125 0.065625 0.0890625
0 0.6213265959182245 0.06677250868194315 0.050554511903856535 0.09764128742738745
0 0.6902220416634984 0.09497459139460088 0.04420451795398091 0.08016268899896399
0 0.6772685654712117 0.2849446199306481 0.07238406010845858 0.09084763192686936
0 0.04609375 0.8484375 0.0921875 0.303125
0 0.13203125 0.84609375 0.2078125 0.3078125
0 0.128125 0.85078125 0.134375 0.2984375
0 0.46640625 0.61953125 0.1546875 0.3390625
0 0.5078125 0.69296875 0.2375 0.4859375
0 0.87890625 0.675 0.2421875 0.45
0 0.63203125 0.54609375 0.1671875 0.1921875
0 0.8421875 0.66875 0.19375 0.4375