0 0.361511075 0 0.3693948859375 0.22423676874999998 0.3737647515625 0.23448432343749998 0.37773747812499997 0.23515113125 0.4114150203125 0.22911505468749999 0.417056534375 0.21293660625 0.41401639687499997 0.0824910859375 0.41646607968750005 0 0.361511075 0
0 0.06484375 0.12265625 0.1234375 0.2453125
0 0.7984375 0.13125 0.103125 0.2625
0 0.92578125 0.16328125 0.1453125 0.3265625
0 0.375 0.55625 0.0625 0.175
0 0.3015625 0.54375 0.0625 0.15
0 0.25475320694812553 0.5891270583019134 0.049999484248184435 0.15530912628012422
2 0.3424614036044473 0.8577111873540479 0.03351387272903601 0.04860409997176518
0 0.7929535481735306 0.6220459741151638 0.06645340273485516 0.2044746683734992
0 0.83203125 0.56875 0.0765625 0.2
0 0.7296875 0.6921875 0.040625 0.209375
0 0.8941176933223419 0.6876871136906422 0.06294576546195145 0.19960515785015548
0 0.7859375 0.96796875 0.08125 0.0640625