0 0.24140625 0.059577559363111196 0.046875 0.10245661465389255
2 0.3265625 0.057458459408539705 0.0359375 0.048758404567984304
2 0.3234375 0.5107472337187993 0.0265625 0.03732958163720568
2 0.3890625 0.48621422320334967 0.0203125 0.03387703301668665
0 0.8984375 0.209375 0.203125 0.41875
0 0.61796875 0.20546875 0.0359375 0.4109375
0 0.62421875 0.04375 0.0484375 0.0875
0 0.1953125 0.76171875 0.271875 0.4640625
0 0.1015625 0.67890625 0.146875 0.2984375
0 0.36796875 0.76484375 0.2515625 0.4703125
0 0.51484375 0.60390625 0.1640625 0.1484375
0 0.46171875 0.61796875 0.1484375 0.1765625
0 0.94453125 0.95703125 0.0921875 0.0859375
0 0.68671875 0.97265625 0.0796875 0.0546875
0 0.68046875 0.7698533180695384 0.0765625 0.16494997060135788
0 0.95859375 0.8123086544564426 0.0828125 0.2121525192218769
2 0.8765625 0.7306702301007546 0.0484375 0.07128850180902227