0 0.3212477652235064 0.09931946713368098 0.04276928298109546 0.10098192496187504
2 0.39838698214421503 0.13627591289711855 0.033076120413308985 0.046076219414791716
0 0.93203125 0.3984375 0.0921875 0.121875
0 0.87578125 0.38046875 0.0953125 0.1578125
0 0.81015625 0.37890625 0.0828125 0.1609375
0 0.6458058410464507 0.556022102392292 0.05883062021691714 0.17634560087368065
0 0.69765625 0.56796875 0.0671875 0.2171875
0 0.7411956090986275 0.544959275454306 0.03352154800821019 0.12263871941479162
0 0.778125 0.5734375 0.06875 0.228125
0 0.55625 0.55234375 0.071875 0.1859375
0 0.61484375 0.54609375 0.0609375 0.1734375
2 0.5994070431364363 0.7416861922480559 0.0379545179539809 0.07899782218833344