0 0.282076125 0 0.2526319796875 0.1481378203125 0.2127873625 0.39845023125 0.21497476093749998 0.4100602875 0.218627184375 0.412085515625 0.2518379125 0.417726821875 0.260318834375 0.40371449375 0.2825183421875 0.2740282578125 0.30698490624999997 0.16579929375 0.3283472578125 0.041590104687500004 0.33406119843750004 0 0.282076125 0
0 0.06875 0.07890625 0.096875 0.1578125
0 0.6099669151018694 0.22771120806808778 0.04417724687674198 0.0739465773392725
0 0.8297481499765589 0.2732344354312227 0.050463608313060605 0.08026930267345414
0 0.7891681531250001 0.49315344687499996 0.79456745 0.512556890625 0.808674728125 0.5228759078125 0.8243857796875 0.5158613515625 0.8327603328125001 0.49527638749999997 0.8360690187500002 0.4667885171875 0.830377425 0.456138421875 0.8154832609374999 0.4509675421875 0.7987530359375 0.457808978125 0.7891681531250001 0.49315344687499996
0 0.7220410968750001 0.5342299359375 0.7377076359375 0.41805063125 0.7331363578125 0.41375293593749995 0.7193625109375 0.41493445468749995 0.7044083375 0.42383817968750004 0.6914658875 0.529036309375 0.6974197765625 0.537970359375 0.7074803656249999 0.540559590625 0.7220410968750001 0.5342299359375
0 0.6069794875 0.4947772515625 0.6211167703125 0.49805896875 0.6278875484374999 0.4948075796875 0.6336691578125 0.48434576875 0.6402265234375 0.4414446328125 0.637461303125 0.4321719234375 0.6279253031250001 0.42615060156249995 0.61796585625 0.42974064843750004 0.6125776875 0.43762839218750005 0.60280165 0.48790548906250003 0.6069794875 0.4947772515625
0 0.5026003265625001 0.486730290625 0.4964252734375 0.499766171875 0.5040240687499999 0.51162053125 0.5144480953125 0.5186729984375 0.5281208015625001 0.5113122 0.5347904359375 0.5018815296875 0.5518807203125 0.41059246875 0.551416140625 0.39994995312500004 0.5463502765625 0.392047046875 0.52721826875 0.39407900625000003 0.5180156984375 0.3995582203125 0.5026003265625001 0.486730290625
0 0.7571469630118838 0.4161299127545869 0.03489315046753809 0.08946248933799979
0 0.7952873124461496 0.39235660542645023 0.0317136083130606 0.08005112667090888
0 0.4171875 0.2703125 0.034375 0.0875
0 0.4570515142415477 0.39623284671386144 0.04913745764913049 0.12087612133990877
0 0.02109375 0.825 0.0421875 0.340625
0 0.06133046896381202 0.8771850440801782 0.08247719847574828 0.2118829293443632
0 0.14535951443793946 0.684425926758405 0.08408515027114642 0.21971361067790857
0 0.85390625 0.6328125 0.0609375 0.146875
0 0.8167174057320954 0.6359884267584048 0.049255632317165524 0.14118862133990895
0 0.7854764960911751 0.6371873000874959 0.05536018657189175 0.11626134667409058
2 0.9082605319991369 0.7948554441040406 0.05829428903121965 0.08348520934118149