0 0.1274149359375 0 0.14135520937499998 0.10992325781250001 0.1498823 0.2313704359375 0.173786096875 0.409375 0.23927952656249998 0.409375 0.2295473859375 0.3139266375 0.218369825 0.24426836562499998 0.1918608828125 0.012214148437499999 0.19094060468750002 0 0.1274149359375 0
0 0.051847035937499994 0 0.061316728125 0.15633774218750002 0.0787171875 0.2586642921875 0.09665789218750001 0.409375 0.171434921875 0.409375 0.1713253921875 0.380063290625 0.1596676125 0.29237322187500003 0.14531376875 0.1215153171875 0.12896435781249999 0 0.051847035937499994 0
0 0.3078125 0.15859375 0.084375 0.3171875
0 0.3875 0.0828125 0.075 0.165625
0 0.684375 0.0984375 0.065625 0.196875
0 0.63125 0.1390625 0.06875 0.278125
0 0.5895811026805132 0.1852050964638679 0.06414786931630952 0.27516513605166193
0 0.5453125 0.23125 0.053125 0.315625
0 0.76328125 0.11796875 0.0609375 0.2359375
0 0.11748218587926607 0.5721678873718101 0.06304901947846524 0.3016821719450391
0 0.03530093141503916 0.5831485029695009 0.05044783360249454 0.20605142319868044
0 0.187408902194046 0.5474884846271009 0.03395008035608367 0.15559678213245362
0 0.2578125 0.55234375 0.065625 0.2859375
0 0.015625 0.5703125 0.03125 0.303125
2 0.15065932995563713 0.8187329988128658 0.05963982710967279 0.1063696719450391
0 0.54609375 0.6546875 0.0546875 0.153125