0 0.3921875 0.4171875 0.040625 0.084375
0 0.41328125 0.409375 0.0421875 0.1
0 0.45078125 0.4125 0.0421875 0.09375
0 0.35546875 0.42734375 0.0296875 0.0640625
2 0.36641905844308764 0.2910974784053167 0.030946163111827296 0.050239831893687636
2 0.4414568557981344 0.2817911320136595 0.02607665258848364 0.046814443244739934
0 0.8619400159261899 0.081179862735328 0.04012374203690498 0.0741779796419344
2 0.7707689843561588 0.08474734885566737 0.032251057878390374 0.01919009099298643
2 0.7696083027578928 0.0642846545311934 0.027563557878390377 0.018889702344038462
2 0.7360229870575818 0.1562323226375056 0.022967063140062204 0.020151813695090493
2 0.7468533422204316 0.05106396128645359 0.033813557878390375 0.01929022054263574
0 0.40260645840073545 0.8177670072443721 0.10495759968941662 0.3320696252307126
0 0.2966371794615402 0.819602012643043 0.10101355233436973 0.3178068661314139
0 0.4734375 0.8125 0.03125 0.20625
0 0.2033730268730566 0.8591069987633823 0.08159715244730928 0.19825582973421946
0 0.22122619773621732 0.6602887669619796 0.050089547213872265 0.1651033682908823
0 0.19073506093274925 0.6991114350682919 0.05055998407381015 0.1464534978405318
0 0.15905387947565766 0.8256844270487275 0.07287459983059082 0.18213018198597286
0 0.953125 0.53828125 0.09375 0.1578125
0 0.66484375 0.56171875 0.0953125 0.2046875