0 0.11124958125 0.509375 0.13321409687500002 0.44376455000000004 0.1675965140625 0.320691109375 0.20483850937499998 0.16809840781250002 0.2272773671875 0.0940785859375 0.2229224125 0.0830697453125 0.19370126875 0.075198296875 0.185059709375 0.077602053125 0.1806678109375 0.085248784375 0.1489500875 0.18880972812500002 0.133125403125 0.2528009234375 0.0807329703125 0.42359188124999997 0.0578903109375 0.509375 0.11124958125 0.509375
0 0.8138562374129865 0.21255425748873588 0.1559621839486219 0.250851528668912
2 0.5 0.4546875 0.115625 0.109375
0 0.24609375 0.775 0.1859375 0.45
0 0.07076007059330588 0.7034114318621231 0.09942514152496748 0.2641208498097196
0 0.4557889037736252 0.615804002508639 0.08832840273485498 0.20449118182494203
0 0.5026162352869546 0.6663106798849567 0.12005637698109979 0.307008686767858
0 0.5378683380121113 0.7241841882879136 0.1242017430421761 0.3196360207602467
0 0.5556140763431817 0.7852636097327323 0.08507585697722053 0.20280134783255335
0 0.6823039931628623 0.7504495524320893 0.12005637698109979 0.307008686767858
0 0.7547050227096394 0.7181264837627397 0.12758183455744518 0.32288835475263544