0 0.1157693734375 0 0.139560684375 0.1010321828125 0.16011851875 0.2186809546875 0.218747953125 0.459375 0.282328053125 0.459375 0.2779132109375 0.4297409484375 0.2480543671875 0.2866476390625 0.22996846718750003 0.2201899234375 0.181112709375 0 0.1157693734375 0
0 0.037647109375 0 0.037992390625 0.0013475453125 0.064015653125 0.1595351296875 0.091565546875 0.2570006890625 0.13018754999999999 0.4270910859375 0.1419087671875 0.459375 0.1520701125 0.459375 0.1752094453125 0.4439532265625 0.187835353125 0.42359746875 0.2005536203125 0.413031409375 0.2011620984375 0.4072524640625 0.1963051484375 0.36093470625 0.1759537578125 0.276881421875 0.1446715140625 0.111750515625 0.11741939374999999 0 0.037647109375 0
0 0.29921875 0.14921875 0.1734375 0.2984375
0 0.3703125 0.0421875 0.11875 0.084375
0 0.870621440055471 0.12111816768542569 0.0752715577372161 0.1690642605154496
0 0.9543516979479788 0.11439345488598392 0.08978908404557515 0.17761374491161738
0 0.3055417426016024 0.8347889213034703 0.10410918927901225 0.20951884215265526
0 0.3981919741857509 0.83538538557325 0.11912651550266684 0.3068851650834338
0 0.484375 0.84375 0.13125 0.3125
0 0.5566800373964004 0.8823788150173207 0.09749516823232476 0.2029412935321364
0 0.5890625 0.77265625 0.059375 0.2953125
0 0.59296875 0.709375 0.0515625 0.325
0 0.646875 0.5328125 0.05625 0.146875