0 0.5852243578125 0.5296875 0.593700915625 0.47188380625 0.605607909375 0.345740434375 0.61504041875 0.190182803125 0.623943403125 0.1140417234375 0.6176562171875 0.10391872656250001 0.5873281984375 0.1007579671875 0.57920946875 0.1044664015625 0.5762377328125 0.11265615 0.5634614171875 0.2192354734375 0.5593010828125 0.2845023515625 0.538147384375 0.46028430781249996 0.5324613671875 0.5296875 0.5852243578125 0.5296875
0 0.13852517343749998 0.5296875 0.1458678625 0.3031634015625 0.1567559234375 0.1490843859375 0.1491183046875 0.13609508125 0.132941471875 0.13236497187500001 0.095740034375 0.13716664218750002 0.06976253906249999 0.159348003125 0.08329521875 0.21867662656250003 0.08423738750000001 0.2786655265625 0.08196530468749999 0.39143209687499997 0.072714684375 0.5135487875 0.0725066265625 0.5296875 0.13852517343749998 0.5296875
0 0 0.5296875 0.0763496796875 0.5296875 0.0841773296875 0.4036350859375 0.0860612015625 0.25460673125 0.065056653125 0.169754134375 0.06636259375 0.1628611484375 0.0747966875 0.15498964375 0.07813219375 0.0799180125 0.0640416375 0.06934038125 0.0232093875 0.059992375 0.011548825 0.0690697140625 0.010707859375 0.08017123125 0.010413015624999999 0.259956078125 0 0.38198740781249996 0 0.5296875
0 0.2484375 0.36015625 0.065625 0.3390625
0 0.3390625 0.34609375 0.0625 0.3671875
0 0.8036211281250001 0 0.7692051796875 0.3759515515625 0.77159068125 0.38584723125 0.7814197 0.390601325 0.8119579578125 0.39098670625 0.8174809453125 0.3801579703125 0.8404984609374999 0.1487320359375 0.853064965625 0 0.8036211281250001 0
0 0.6390625 0.5296875 0.6274204671875 0.5296875 0.61323485625 0.647566390625 0.59243709375 0.9014226750000001 0.5954978125 0.912751509375 0.5992943765625001 0.9143665140625 0.6328488625 0.9163214390625001 0.6390625 0.9038078031250001 0.6390625 0.5296875
0 0.1609455734375 0.5296875 0.1602533703125 0.5640425140625001 0.15100274687499998 0.6861592046875 0.14762713125 0.94799959375 0.1445384875 1 0.20396229843749997 1 0.2107454359375 0.9321635421875001 0.21741644999999998 0.782020278125 0.21653491093750002 0.7108843968749999 0.22240833750000003 0.5296875 0.1609455734375 0.5296875
0 0.0867910671875 0.5296875 0.0801358140625 0.6076811859375 0.082396140625 0.712348934375 0.0774192765625 0.8918610000000001 0.0808237125 0.9296923265625001 0.0877416234375 0.9314891859374999 0.115789259375 0.9233665765625 0.1326574453125 0.9076235671875 0.14722911249999998 0.9015034562500001 0.14921026875 0.8960436265624999 0.1559057203125 0.84904403125 0.1571710875 0.7599136484375 0.1678650421875 0.5877037390625001 0.168598428125 0.5296875 0.0867910671875 0.5296875
0 0.3171875 0.6671875 0.065625 0.275
0 0.41484375 0.5921875 0.0515625 0.125
0 0.8966049003105836 0.8207607579458465 0.05688412073610376 0.33434050790866543
0 0.8132918713713885 0.8259801571475437 0.05134821032569956 0.2125291749048598
0 0.9745856871422864 0.8129747742574688 0.030232073522231673 0.17114017095052708
0 0.853764952927302 0.8033530820524035 0.041791199802355905 0.20902217292769346