0 0.5965720734375 0 0.6208631640625 0.0704589484375 0.7135582484375 0.30973547031250004 0.7213165218750001 0.31881222187499997 0.7254733515625 0.3187571234375 0.75 0.3096015671875 0.75 0.271927721875 0.7102744640624999 0.1657906078125 0.6763997890625 0.05870730625 0.65447803125 0 0.5965720734375 0
0 0.075388759375 0 0.1016986234375 0.033286775000000005 0.12892105 0.0874789203125 0.17642263593750002 0.1909720375 0.22169792500000002 0.3057724421875 0.303028675 0.4796875 0.372926234375 0.4796875 0.32413035625000003 0.366311346875 0.2920635265625 0.30195473125 0.1956443125 0.08502085937500001 0.16162195625 0 0.075388759375 0
0 0.0055047484375 0 0.053670876562500004 0.10009812656249999 0.1129239859375 0.25457889375 0.1609809609375 0.34888505937500003 0.21984168125 0.4796875 0.2993425765625 0.4796875 0.2878037375 0.44372082968750004 0.24977698125 0.36213313281250004 0.18379458125 0.201184715625 0.120002334375 0.06486101718750001 0.066829121875 0 0.0055047484375 0
2 0.33046875 0.18203125 0.1984375 0.3640625
2 0.36953125 0.0578125 0.1203125 0.115625
0 0.2 0.775 0.228125 0.45
0 0.1697531012273447 0.7932971607633401 0.13695683455744517 0.32521137357870133
0 0.25625 0.77421875 0.234375 0.4515625
0 0.4828125 0.70859375 0.221875 0.4578125
0 0.57265625 0.69296875 0.2171875 0.4265625
0 0.627773153193897 0.682629345415965 0.1407515142540035 0.3145468893637168
0 0.28778588198206967 0.7102809924604281 0.08427888939893542 0.1370897472985769
0 0.8765625 0.58671875 0.16875 0.2140625
0 0.80546875 0.584375 0.1109375 0.209375
0 0.95 0.56015625 0.1 0.1609375