0 0 0.6890625 0.04291525 0.6890625 0.046162770312500004 0.6746675109375 0.027075723437499997 0.5456409609375 0.01676433125 0.4356046390625 0 0.3216510203125 0 0.6890625
0 0.9640625 0.13046875 0.071875 0.1890625
2 0.90546875 0.01328125 0.0765625 0.0265625
0 0.04375 0.91796875 0.08125 0.1640625
0 0.18775070727245735 0.84336955429125 0.07690904002227175 0.1688687183831675
0 0.0171875 0.92265625 0.034375 0.1546875
0 0.259375 0.8859375 0.040625 0.1875
0 0.3859375 0.7359375 0.090625 0.09375
0 0.590625 0.7703125 0.109375 0.1625
0 0.49375 0.7625 0.10625 0.146875
0 0.671875 0.7484375 0.0875 0.11875