0 0.14556733125000001 0.55 0.10437276718749999 0.3786521734375 0.074985540625 0.2306504640625 0.0641957546875 0.22100198125 0.0475111453125 0.2228542671875 0.012612489062500001 0.2396533125 0 0.2586678515625 0 0.28134420625 0.0216638609375 0.3201583640625 0.0381394921875 0.37606817187499997 0.06518198124999999 0.4825035890625 0.07821396875 0.55 0.14556733125000001 0.55
0 0 0.55 0.08229978437499999 0.55 0.070496415625 0.49320886562500005 0.033670975 0.3529174296875 0 0.295303553125 0 0.55
0 0.22265625 0.38515625 0.1859375 0.3296875
0 0.2884057688718246 0.24719695941821634 0.07784342531467221 0.1417977621748646
0 0.61171875 0.02109375 0.0453125 0.0421875
0 0.68984375 0.0109375 0.0515625 0.021875
0 0.086336778125 1 0.0482568484375 0.841607425 0.018869621875 0.6936057140624999 0.0080798359375 0.68395723125 0 0.6848542359375 0 0.9097760921875 0.0090660640625 0.945458840625 0.019596693749999998 1 0.086336778125 1
0 0.203125 0.834375 0.19375 0.33125
0 0.2815619277902499 0.7705526388013654 0.14240652324472408 0.33485801542127547
0 0.7442208078125001 0.55 0.8017460296875001 0.8765206593749999 0.8066305281249999 0.8850061859375 0.817413340625 0.8862121843749999 0.8471836359375 0.8764772890625 0.8497408375 0.8645027296875 0.81207568125 0.640001834375 0.7955421828125 0.55 0.7442208078125001 0.55
0 0.478125 0.725 0.15625 0.35
0 0.5296875 0.6609375 0.178125 0.221875