0 0.42743839531249994 0 0.42191551875 0.0526462390625 0.41888985156249997 0.11696189374999999 0.4007744125 0.28885489999999997 0.3843817359375 0.5383956578125 0.3876461453125 0.5500639640625 0.39147773125 0.5521755781250001 0.42512619531249995 0.5585943624999999 0.432277653125 0.5447708921875 0.44232262499999997 0.4155207140625 0.45662987343749994 0.3077940875 0.4663507453125 0.1840048765625 0.4730780125 0.0306499390625 0.4761995234375 0 0.42743839531249994 0
0 0.103125 0.2 0.1375 0.4
0 0.21015625 0.05625 0.0640625 0.1125
0 0.884375 0.2890625 0.23125 0.578125
0 0.80078125 0.22265625 0.2328125 0.4453125
0 0.9625 0.17890625 0.075 0.3578125
0 0.4453125 0.7703125 0.1375 0.240625
0 0.32109375 0.7609375 0.1234375 0.221875
0 0.50546875 0.78046875 0.1171875 0.2609375
0 0.7640625 0.6984375 0.13125 0.096875
0 0.87109375 0.72578125 0.1515625 0.1515625
0 0.9171875 0.7 0.103125 0.1
0 0.8046875 0.71796875 0.121875 0.1359375