0 0 0.4665665296875 0.0027478109375 0.4571130265625 0.0801284109375 0.22744538749999998 0.136436903125 0.078124984375 0.133058484375 0.0638070625 0.1188077765625 0.056868175 0.0820441109375 0.05406864375 0.050755059375 0.0706296484375 0.045907325 0.131709684375 0.028905078125 0.190893446875 0 0.2800582796875 0 0.4665665296875
0 0.017922209375 0 0 0.058749584375 0 0.30488038125 0.039524625 0.1799624796875 0.04489094375 0.0922714015625 0.048187675 0.0857568578125 0.058546125000000004 0.079721228125 0.084110759375 0.0065699328125 0.0790404078125 0 0.017922209375 0
0 0.140983836369508 0.35337182496694347 0.21261153300110855 0.4502876843053107
0 0.25546875 0.20078125 0.0484375 0.1609375
0 0.4269621067275736 0.11336762268295128 0.12092947100406101 0.21033771370395282
0 0.5001702668143213 0.1616989020815934 0.1456872439830203 0.3050703595655099
0 0.5601775200535238 0.2216227787212736 0.1578262985788122 0.3243935696514182
0 0.6019156346437784 0.28717585764494585 0.11427895280546388 0.20376016508343398
0 0.7082645666297512 0.2193122489839472 0.14342383713547519 0.29405097241038014
0 0.7497499622185295 0.16730601368326825 0.15137603947951347 0.32094102103089917
0 0.7974457850129186 0.1398903426069406 0.1167426187523077 0.21790455223856356
2 0.4904367165374661 0.702739981909777 0.10488536397194573 0.13007700361804453