0 0.2628300109375 0 0.2514783 0.07010644375 0.23183754374999999 0.2296875 0.2810292953125 0.2296875 0.28579186875 0.194375421875 0.3064931328125 0.084618553125 0.31797289375000004 0 0.2628300109375 0
0 0.05859375 0.034375 0.0640625 0.06875
0 0.0921875 0.3390625 0.0625 0.21875
0 0.14059021746031677 0.37837968913783787 0.07842059839424209 0.252077710466874
0 0.17952470466039028 0.4927830943571575 0.05676684145441176 0.2056731473268119
0 0.021875 0.37265625 0.04375 0.1703125
0 0.644430208979327 0.5303586890672507 0.08735311227390267 0.34288472099021766
0 0.7628192635751188 0.5184340836926393 0.08835440777039594 0.35850972099021766
0 0.8614069578995928 0.5218236651779659 0.06724326650055427 0.22340667889684288
0 0.810041124307862 0.332200452080256 0.0726526573089707 0.1863617052052021
0 0.546875 0.56953125 0.015625 0.2328125
0 0.5484375 0.37265625 0.01875 0.1859375
0 0.571875 0.3078125 0.065625 0.15625