0 0.176651546875 0 0.1744085328125 0.0152313515625 0.1538326640625 0.12758994375 0.12485881562500001 0.248752425 0.0789549 0.5097888890625 0.0658296171875 0.56875 0.1252761953125 0.56875 0.1437351390625 0.49874914531250003 0.174724021875 0.349424209375 0.18542244218749998 0.27837100625 0.2311638828125 0.0443286609375 0.24153629687499997 0 0.176651546875 0
0 0.10861888125000001 0 0.1081527953125 0.0028318156250000002 0.06777818906250001 0.16509118125 0.0529860875 0.269709965625 0.018891267187499998 0.4484699484375 0.01609480625 0.4864788375 0.0226204546875 0.48879397343750003 0.051583126562500005 0.48280495625000003 0.070767209375 0.468367890625 0.086123246875 0.46336023906249996 0.08896355 0.45806136249999996 0.1032046109375 0.41166560468749996 0.1189449140625 0.3228176546875 0.157486734375 0.151775940625 0.1835764375 0.0032023234375 0.1833201671875 0 0.10861888125000001 0
0 0.30234375 0.19296875 0.1453125 0.3859375
0 0.42734375 0.065625 0.0828125 0.13125
0 0.8705051080159907 0.2991745438842358 0.08364090273485517 0.20312630642076393
0 0.9189587124081374 0.3456124795796871 0.11549642273873442 0.30679682028847227
0 0.946875 0.39921875 0.10625 0.3171875
0 0.965625 0.45859375 0.06875 0.2015625
0 0.43625290781250003 1 0.460852121875 0.9046590968749999 0.49544296250000003 0.7501395375 0.5165982375 0.67483000625 0.5120480796875 0.664253790625 0.4826727734375 0.65881101875 0.47406847656249995 0.6618990140625 0.4698080203125 0.669847328125 0.439885971875 0.7752389734375 0.42517295937500005 0.8400550046875 0.37968686093750004 1 0.43625290781250003 1
0 0.09140625 0.85625 0.1390625 0.2875
0 0.21655080271545835 0.7970113254193747 0.08364090273485517 0.20312630642076393
0 0.82578125 0.6953125 0.1296875 0.253125
0 0.9234375 0.66640625 0.096875 0.1953125
0 0.7109375 0.69453125 0.125 0.2515625
0 0.60234375 0.69453125 0.0671875 0.2296875