0 0.43095237500000005 0 0.4772781453125 0.2105015890625 0.48348815156249997 0.2197005375 0.48761459531250007 0.21971790468750002 0.509375 0.212361990625 0.509375 0.1244284546875 0.497414471875 0.0667041578125 0.48739246718749996 0 0.43095237500000005 0
0 0 0 0 0.2181722671875 0.0616242015625 0.424461884375 0.06788751093749999 0.45 0.13083601250000002 0.45 0.1179519984375 0.3856489421875 0.0812110625 0.245543359375 0.0599047578125 0.18071982343749998 0.010021159375 0 0 0
0 0.11953125 0.1234375 0.1953125 0.246875
0 0.1 0.5703125 0.140625 0.240625
0 0.0359375 0.56875 0.071875 0.20625
0 0.165625 0.51328125 0.075 0.1265625
0 0.23671875 0.54140625 0.1421875 0.1828125
0 0.0265625 0.5828125 0.053125 0.265625
2 0.16964501224865777 0.7716058141835442 0.08561824879205204 0.11405718281352524
0 0.8423002307450267 0.5938707919404228 0.09346244182452992 0.171997016805914
0 0.93828125 0.51796875 0.0890625 0.1359375
0 0.7842490014978121 0.7231563853243517 0.0936219384905499 0.15487318380210838
2 0.7921875 0.93671875 0.1125 0.1265625