0 0.34094300624999996 0 0.3443360171875 0.0193255609375 0.35907265625 0.0819682953125 0.3891785359375 0.2539167625 0.409375 0.34756210625 0.409375 0.0745760921875 0.3915797859375 0 0.34094300624999996 0
0 0.08828125 0.26953125 0.1765625 0.3796875
0 0.14261498997785074 0.12725895423128503 0.10344158235511305 0.20052724082661788
0 0.86484375 0.2296875 0.2703125 0.459375
0 0.525 0.28046875 0.23125 0.3578125
0 0.4625 0.26015625 0.10625 0.3984375
0 0.53984375 0.2875 0.1890625 0.34375
0 0.599256213759689 0.21098451443793947 0.11712215299003388 0.2677692829810955
0 0.30234375 0.6484375 0.1609375 0.378125
0 0.32578125 0.85234375 0.1640625 0.2953125
0 0.14355572871908376 0.6654861829576545 0.165557257862681 0.3898806323171656
0 0.19921875 0.934375 0.1390625 0.13125
2 0.31162010410668 0.945474185688129 0.05384449568106327 0.08465680113146803
0 0.44375 0.7796875 0.06875 0.184375
0 0.49342891348283374 0.8080185957218328 0.13444935533407243 0.29442268657189175
0 0.54921875 0.85234375 0.1484375 0.2953125
0 0.6944907657345871 0.8170037520431034 0.15470129857881218 0.3179692708808471
0 0.738489892045034 0.7523918061996338 0.14815090992986413 0.3132454094445286