0 0.6 0 0.55987631875 0 0.5224925046875 0.1650833578125 0.47528443906250006 0.41697585468750004 0.477137415625 0.428494875 0.48073726875 0.4303710359375 0.5138421656250001 0.4346590703125 0.5227463046875 0.420303775 0.5487635375 0.2897355421875 0.5764266359375 0.1805286328125 0.6 0.06269674374999999 0.6 0
0 0.0878341109375 0 0.08155848437499999 0.050178728125 0.0595977703125 0.1714032671875 0.02884920625 0.43247711874999994 0.013169771875 0.5277276234375 0.016812065625 0.5380685359374999 0.0208468140625 0.5390625 0.063537346875 0.5390625 0.0657924734375 0.5373635234374999 0.073385184375 0.517198859375 0.0931635796875 0.4210694140625 0.11549607656250001 0.2716955125 0.12206425781250001 0.2006426078125 0.149632896875 0 0.0878341109375 0
0 0.014284278125 0 0 0.07484008125 0 0.40553534999999996 0.0182135734375 0.391140396875 0.0333192046875 0.386047628125 0.035857181249999995 0.380736865625 0.047421528125 0.334299 0.0580037875 0.245437646875 0.08663878593749999 0.0743220859375 0.0953735234375 0 0.014284278125 0
0 0.23359375 0.1625 0.1203125 0.325
0 0.3515625 0.04765625 0.084375 0.0953125
0 0.67734375 0.1265625 0.0890625 0.253125
0 0.725 0.1390625 0.09375 0.278125
0 0.78359375 0.4328125 0.0703125 0.2125
0 0.62109375 0.50703125 0.0421875 0.0640625
0 0.646875 0.53046875 0.040625 0.0171875
0 0.3003970292215438 0.8046072494108248 0.07407307878390341 0.1722477047222643
0 0.209375 0.93359375 0.090625 0.1328125
0 0.31640625 0.91171875 0.1078125 0.1765625
0 0.3879194160250119 0.7644776739806639 0.06444047355046649 0.14095225292686625
0 0.425 0.925 0.10625 0.15
0 0.40855116346476317 0.8396231197259378 0.07190436305535766 0.10819429508134401
0 0.5402330739457546 0.7927168243500063 0.05646137357870131 0.11122839149054772
0 0.56328125 0.87421875 0.0734375 0.1703125
0 0.5046875 0.97421875 0.0875 0.0515625
0 0.56484375 0.9515625 0.0703125 0.096875
0 0.2078840345538029 0.8767498941228264 0.061315473550466494 0.14093407220870696
0 0.6694747109609842 0.8229527284317818 0.08030766823232476 0.19883747579950323
0 0.7609375 0.84765625 0.1 0.3046875
0 0.8390625 0.8734375 0.096875 0.253125
0 0.97890625 0.81171875 0.0421875 0.1796875
0 0.90078125 0.92109375 0.0765625 0.1578125