0 0.0854546890625 0 0.06854826562500001 0.061701773437499996 0.009814973437500001 0.31229655 0.011122446875 0.3239668203125 0.014618278125 0.32604073906250003 0.047370973437500005 0.3320866453125 0.056903346875000003 0.3181314890625 0.0888875515625 0.1883171328125 0.12151425468749999 0.0800505984375 0.141302221875 0 0.0854546890625 0
0 0.51015625 0.034375 0.1390625 0.06875
0 0.55 0.30078125 0.134375 0.1171875
0 0.63671875 0.30390625 0.1421875 0.1109375
0 0.56484375 0.21640625 0.1296875 0.2859375
0 0.3203125 0.68203125 0.159375 0.4859375
0 0.21822178737827908 0.6547845131667417 0.1381300048941414 0.3415812063683973
0 0.15034975189891653 0.5733589121085749 0.14908735226173625 0.38765898091420464
0 0.05234375 0.6 0.1046875 0.453125
0 0.76328125 0.45390625 0.1046875 0.1890625
0 0.84453125 0.49921875 0.1203125 0.2796875
0 0.9144742832019279 0.5387294652830752 0.13456849527549455 0.32882611485312835
0 0.9578125 0.5984375 0.084375 0.20625