0 0.509375 0.013484778125 0.4904852734375 0.009872998437499999 0.48188097656249995 0.012912289062499999 0.4776205203125 0.020839542187499997 0.447698471875 0.1261068703125 0.43298545937500005 0.1908679609375 0.383554375 0.36447939687500003 0.3652356046875 0.4390625 0.418186928125 0.4390625 0.43641806250000004 0.38056256875 0.468664621875 0.25571085937500004 0.5032554625000001 0.10131945625000001 0.509375 0.0795601578125 0.509375 0.013484778125
0 0.1046875 0.2484375 0.140625 0.38125
0 0.2318568093834182 0.112130438314898 0.06396638939893542 0.13373980032431154
0 0.90234375 0.13046875 0.1046875 0.2609375
0 0.8203125 0.0953125 0.08125 0.190625
0 0.97578125 0.08984375 0.0484375 0.1640625
2 0.93203125 0.38203125 0.0953125 0.1140625
0 0.86953125 0.0984375 0.0828125 0.196875
0 0.9859375 0.090625 0.028125 0.16875
0 0.11953125 0.70078125 0.1859375 0.5234375
0 0.30625 0.67109375 0.171875 0.4640625
2 0.17603801770866961 0.7767617284929399 0.10905549091614422 0.18913641233702042
0 0.3859375 0.7984375 0.16875 0.403125
0 0.912103321342212 0.7118616570653099 0.12853881455356592 0.21756142126547412
0 0.6195490305855472 0.692783969157449 0.15484622303829684 0.21490007142762996
0 0.56875 0.509375 0.11875 0.140625