0 0.1742512140625 0 0.1848202171875 0.0438060609375 0.2149644 0.212460565625 0.2584535109375 0.409375 0.30906031718750004 0.409375 0.288039471875 0.308266328125 0.2718849203125 0.20103705 0.24709589062499998 0.0813046453125 0.2271935359375 0 0.1742512140625 0
0 0.6484375 0.3046875 0.128125 0.209375
0 0.8546875 0.26484375 0.16875 0.2890625
0 0.75703125 0.2625 0.1671875 0.29375
0 0.9375 0.3015625 0.125 0.215625
0 0.940625 0.1015625 0.11875 0.203125
0 0.43990544218750005 0.409375 0.4407294734375 0.41397250156250004 0.4554848625 0.4751301578125 0.48562904375000004 0.6437846625000001 0.5385677906249999 0.8834861140625 0.5447777953124999 0.892603621875 0.548904240625 0.892572690625 0.559375 0.8889140171874998 0.559375 0.74281731875 0.5587041171875 0.7395904234375 0.542549565625 0.632361146875 0.5177605359374999 0.5126287406250001 0.49248531875 0.409375 0.43990544218750005 0.409375
0 0.128563496875 1 0.11664260625 0.9547245125 0.0953363015625 0.8902121656249999 0.035078301562500004 0.672821140625 0.001273203125 0.528020621875 0 0.5270092562500001 0 0.7837786234375 0.025016296875 0.8936193828124999 0.05693706875 1 0.128563496875 1
0 0.1924923230092018 0.7174653024657063 0.2115736815327261 0.4762769742194024
0 0.2717012040731876 0.6238547433297377 0.1934297172884209 0.42553998982323477
0 0.7282533193853579 0.5939935029406761 0.029113415152690704 0.032642081637205764
0 0.7298159483233118 0.6320290914752869 0.03469373545613248 0.043825243102595036
2 0.7176183215113897 0.4669739795349277 0.030803460910325244 0.034286468792335524