0 0.344248384375 0.46875 0.36399023750000004 0.4301056140625 0.41835905 0.31002458437499997 0.48049695468750003 0.16067316874999998 0.5149183640625 0.0886062703125 0.51251085 0.077218403125 0.48524316718750005 0.066803746875 0.4763825171875 0.0684554046875 0.47079730625 0.0757198921875 0.42232177968749995 0.1765203453125 0.39606120625 0.239134265625 0.31603389375 0.40536534687500003 0.28819939687499996 0.46875 0.344248384375 0.46875
0 0.090625 0.26171875 0.18125 0.4140625
0 0.21745465144524817 0.13472367886927877 0.08866252614450901 0.1427012303552929
0 0.790625 0.0828125 0.2375 0.165625
0 0.8021578477063374 0.09724498780340021 0.10495129958972597 0.1932834272121397
2 0.833843710359029 0.21332159801864786 0.1383073286340199 0.14034251778268025
0 0.36421889531249996 1 0.3749998875 0.9761432843750001 0.4280527375 0.8722931140625001 0.48242155000000003 0.752212084375 0.5445594546875 0.60286066875 0.5789808640625 0.5307937703125 0.57657335 0.519405903125 0.5493056671875001 0.508991246875 0.5404450171875 0.5106429046875001 0.53485980625 0.5179073921875 0.4863842796875 0.6187078453125 0.46012370625 0.681321765625 0.38009639375000004 0.847552846875 0.3131513265625 1 0.36421889531249996 1
0 0.04821745625 0.46875 0.0457301015625 0.488526009375 0.0260485515625 0.5472289781249999 0 0.6170964484375 0 0.781083234375 0.075264559375 0.58601161875 0.1253228984375 0.46875 0.04821745625 0.46875
0 0.12253046990679865 0.7127674038478882 0.2072278850722232 0.412911030602962
0 0.28126869771098173 0.5699163161728317 0.08350142946385705 0.1362329065339753
0 0.91328125 0.51953125 0.1578125 0.1015625
0 0.91171875 0.5640625 0.1765625 0.190625