0 0.6483851406250001 0.459375 0.643413634375 0.3347460640625 0.6319964609375 0.179205790625 0.630670765625 0.10327307187500001 0.6230643703125 0.092829403125 0.592478978125 0.08824582812500001 0.5849003015625 0.0915857515625 0.5830397375 0.099659165625 0.584582846875 0.20593218124999998 0.5891714578125 0.2711823203125 0.5916353203125 0.44645527031250004 0.5923107421875 0.459375 0.6483851406250001 0.459375
0 0.20231208750000002 0.459375 0.1817071328125 0.25605293125 0.17193527656250002 0.102063165625 0.1626025765625 0.088682434375 0.14601515 0.0841878484375 0.109658375 0.0872678171875 0.08678808593750001 0.10829806093750001 0.10817936718750001 0.1684188625 0.1171370109375 0.22861462187499998 0.12995437031249998 0.3415815125 0.136834640625 0.459375 0.20231208750000002 0.459375
0 0.147431184375 0.459375 0.14068811718750002 0.3656619421875 0.12263640625000001 0.21631667812500002 0.0904013671875 0.130254159375 0.090778590625 0.1234033515625 0.098114303125 0.115903759375 0.09139444531249999 0.040783775 0.075966409375 0.02952035625 0.034106765625 0.018242909374999998 0.023723384375 0.026801157812499997 0.024371289062500003 0.0378936109375 0.0481155625 0.21815299531250001 0.0561078453125 0.38160273437500003 0.0681317140625 0.459375 0.147431184375 0.459375
0 0.28515625 0.30703125 0.0765625 0.3046875
0 0.3686012477249149 0.200131741329351 0.044202131123531 0.13269492280870362
0 0.8330900625 0 0.834582846875 0.10280718124999999 0.8391714578125 0.1680573203125 0.8416353203125 0.34333027031249996 0.8477019406249999 0.459375 0.8971954703125 0.459375 0.8984370703125 0.3575517953125 0.893413634375 0.2316210640625 0.8819964609375 0.076080790625 0.8806707656249999 0.000148071875 0.8805629203125 0 0.8330900625 0
0 0.5527593921875 1 0.5531245703125001 0.9700517953125001 0.548101134375 0.8441210640625 0.5366839609375 0.688580790625 0.535358265625 0.612648071875 0.5277518703124999 0.602204403125 0.49716647812500003 0.597620828125 0.4895878015625 0.6009607515625 0.4877272375 0.609034165625 0.489270346875 0.71530718125 0.4938589578125 0.7805573203125 0.4963228203125 0.9558302703125001 0.4986319375 1 0.5527593921875 1
0 0.1101665078125 1 0.08639463281250001 0.76542793125 0.0766227765625 0.611438165625 0.0672900765625 0.598057434375 0.05070265 0.5935628484375 0.014345875 0.5966428171875 0 0.6098344843750001 0 0.64163116875 0.0128668671875 0.6777938625 0.0218245109375 0.737989621875 0.0346418703125 0.8509565125 0.041768832812500004 0.9729734984375 0.0450288984375 1 0.1101665078125 1
0 0 1 0.054367259375 1 0.0453756171875 0.8750369421874999 0.027323906250000002 0.725691678125 0 0.6527411171875 0 1
0 0.19765625 0.82578125 0.0890625 0.3484375
0 0.26932329813983336 0.7083837387374529 0.059922219505813244 0.15580023213953692
0 0.8155820688857578 0.7222808519324992 0.09475304109086347 0.4925579383600926
0 0.77578125 0.6921875 0.0328125 0.45
0 0.9796875 0.61796875 0.040625 0.2578125