0 0.1327539296875 0.4390625 0.130469953125 0.38897319218750004 0.11815774999999999 0.2332537453125 0.116387528125 0.157083378125 0.10873325 0.1468694828125 0.0781754953125 0.1433500109375 0.07063000781249999 0.14697037500000001 0.0688202828125 0.1551398171875 0.07098609375 0.2617564796875 0.075950534375 0.3270888875 0.07817355312499999 0.4390625 0.1327539296875 0.4390625
0 0.7171875 0.24609375 0.134375 0.3859375
0 0.56796875 0.31015625 0.1140625 0.2578125
0 0.48046875 0.3109375 0.0796875 0.25625
0 0.34140625 0.33125 0.0453125 0.215625
0 0.2421875 0.53203125 0.13125 0.1859375
0 0.06953125 0.51484375 0.1203125 0.1515625
0 0.02265625 0.56328125 0.0453125 0.2484375
0 0.52421875 0.484375 0.0265625 0.090625
0 0.6101526573089705 0.5512661131450067 0.025959327574751258 0.11381112772394086
0 0.4875464720837952 0.5434704026175605 0.02696062307124434 0.12943612772394078
0 0.46415903685861987 0.5426127429626345 0.0373369185677376 0.14571669158591122
2 0.6348732526208937 0.500107804730918 0.029966904688076924 0.054982430942249486