0 0 0 0 0.209123740625 0.0028147 0.2174298140625 0.0358335984375 0.33584949062499997 0.1221773984375 0.5847753375 0.141501728125 0.65 0.2007854703125 0.65 0.2003827796875 0.6454340296875001 0.1763753796875 0.5506563250000001 0.13133692187499998 0.40648355468749997 0.106180615625 0.3394012609375 0.03298625 0.11449600468750001 0.00044240468749999994 0 0 0
0 0 0.44195921875 0.036673075 0.552899071875 0.0528242265625 0.5876850890624999 0.059972339062500005 0.5872900609375 0.08368488125 0.5711009078125 0.09423318750000001 0.5510845343749999 0.1059029078125 0.540874734375 0.1059071375 0.5351052000000001 0.0961600125 0.48857849687500005 0.066878459375 0.40380897656250003 0.0180941984375 0.237525121875 0 0.1854018640625 0 0.44195921875
0 0.1625 0.2046875 0.165625 0.409375
0 0.2125 0.078125 0.096875 0.15625
0 0.8435467261808165 0.07423536807561786 0.07693823620994636 0.12073974687674208
0 0.8214360454602888 0.09311717828227231 0.07073370031656907 0.12226588544042354
0 0.7936974903665815 0.10656205474570543 0.07473923871722885 0.09885565651766245
0 0.9435239941275052 0.07287233509452232 0.08006323620994635 0.1207579275949013
0 0.98359375 0.05703125 0.0328125 0.1140625
0 0.90546875 0.0578125 0.0734375 0.115625
2 0.80078125 0.0171875 0.0328125 0.034375
0 0.19296875 0.825 0.2828125 0.35
0 0.10859375 0.825 0.2171875 0.35
0 0.2703125 0.75390625 0.134375 0.2078125
0 0.7725481375000001 0.65 0.837241509375 0.8967743031250001 0.842878190625 0.9054204015625 0.8537869078125 0.9069430859375001 0.882760915625 0.8980543531249999 0.8842744625 0.8861284578124999 0.8268814078125001 0.6600463249999999 0.8241730953124999 0.65 0.7725481375000001 0.65
0 0.5046875 0.7796875 0.109375 0.259375
0 0.5390625 0.7171875 0.153125 0.134375