0 0.13623533125 0 0.13243895156250002 0.0767649015625 0.11965546406250001 0.19759973749999998 0.10947896718750001 0.4390625 0.1728065703125 0.4390625 0.1831475671875 0.2992925921875 0.184336628125 0.22832146406249998 0.1984543046875 0 0.13623533125 0
0 0.049543840625 0 0.0361266265625 0.11610865625 0.0353383765625 0.220623396875 0.025150828125000003 0.399051321875 0.027448171875 0.43706749531250005 0.033067121875 0.4390625 0.03654984375 0.4390625 0.0625273015625 0.434008928125 0.07981938125 0.41988607499999997 0.0945397046875 0.41513962031249996 0.096675659375 0.4098825890625 0.10472451093749999 0.36366732812499997 0.10857948749999999 0.2749633296875 0.12426025156250001 0.10434287187499999 0.12863145625 0 0.049543840625 0
0 0.2734375 0.16640625 0.115625 0.3328125
0 0.340625 0.14921875 0.05625 0.2984375
0 0.5125149352013608 0.15743397605027046 0.07729665389834964 0.2008181600095451
0 0.5838195055271136 0.2090242953930427 0.09674111306150941 0.31037497334499947
0 0.634375 0.2765625 0.1 0.325
0 0.6924752537130151 0.16733732940799656 0.0549454495445131 0.09747498400699968
0 0.669052655797266 0.3240322247374058 0.07482641832631991 0.21953179734245404
0 0.7798611810250096 0.27690378075267785 0.09249012268015626 0.32282042934436317
0 0.8382441106992568 0.2268225120941775 0.09550599527549455 0.3197317920114539
0 0.0390625 0.83125 0.078125 0.221875
0 0.0125 0.6390625 0.025 0.1875
0 0.6703125 0.46875 0.115625 0.059375
0 0.596875 0.5125 0.121875 0.146875
2 0.7928919490811769 0.6983595153962243 0.07961806733052797 0.08839088534372692
2 0.6706499052491119 0.8429714867122706 0.09077382213985138 0.094768154678545
2 0.82109375 0.44921875 0.0765625 0.0203125