0 0.6296875 0.1445984578125 0.6017891109375 0.2342770296875 0.5859901578125 0.297392971875 0.5355161765625 0.459375 0.5943276875 0.459375 0.62040521875 0.3673301375 0.6296875 0.32974953125 0.6296875 0.1445984578125
0 0.14613519218749998 0.459375 0.1479557640625 0.44868138281250003 0.1976450515625 0.2197469125 0.235988384375 0.07097336875 0.23083087500000002 0.0566051828125 0.2156368328125 0.049494356249999996 0.178293075 0.0462625859375 0.14883543125 0.06246991875 0.151453384375 0.1235390328125 0.141605896875 0.182568240625 0.11912976093750001 0.2926677921875 0.0881312390625 0.4104469921875 0.07851476406249999 0.459375 0.14613519218749998 0.459375
0 0.0902600640625 0 0.060272939062499996 0.1622628109375 0.0171925921875 0.31977172343750004 0.0006153609375 0.4228965953125 0 0.4257978140625 0 0.459375 0.07189675 0.459375 0.1068113375 0.3189063703125 0.1354178328125 0.1731638421875 0.13005559687499998 0.0854698015625 0.13257395156250001 0.07898894375 0.142258228125 0.0730699859375 0.159008825 0.0001629546875 0.158863675 0 0.0902600640625 0
0 0.253125 0.29453125 0.2 0.3296875
0 0.3515625 0.28984375 0.1875 0.3390625
0 0.9368914390625 0 0.9071466156250001 0.10184945625 0.8393032312500001 0.3472704765625 0.8403231171875 0.3619213421875 0.87520108125 0.3745219125 0.8830189531249999 0.3695190640625 0.8866466359375 0.361910953125 0.9219773531250001 0.23384684375 0.9516350906250001 0.1458631953125 0.99051213125 0 0.9368914390625 0
0 0.68671875 0.10234375 0.1140625 0.2046875
0 0.309375 0.5296875 0.1375 0.140625
0 0.4203125 0.52578125 0.140625 0.1328125
0 0.27387971786527154 0.7062155775294171 0.08768055247554418 0.16724584980971963
0 0.34812085466873965 0.7439118957044751 0.1037605787839034 0.1756950197716634
0 0.7507322171874999 0.459375 0.710020275 0.590028509375 0.64404329375 0.834533421875 0.6450106171875001 0.8462963421874999 0.6484437296875 0.8486904625000001 0.6809979109375 0.85776965625 0.6909293187500001 0.844736409375 0.7266648531250001 0.71822184375 0.762416065625 0.6132612843749999 0.796742575 0.4921003171875 0.8048256171875 0.459375 0.7507322171874999 0.459375