0 0.0609375 0.16953125 0.1125 0.3390625
0 0.1421875 0.09921875 0.09375 0.1984375
0 0.37890625 0.16953125 0.1609375 0.3390625
0 0.23676162939276582 0.6178869438731954 0.05919093460686646 0.1962885311027777
0 0.2477956662513857 0.8023302943915752 0.055565286858619875 0.18820262902925916
0 0.17747387183462662 0.7715580394906028 0.05602636181247735 0.17115183006601847
0 0.1417495180417138 0.6309132071155101 0.04625084361388012 0.16408162384546285
0 0.12543980490033366 0.8177488257771767 0.04575019586563354 0.15626912384546293
0 0.66875 0.3390625 0.66875 0.9158183609375001 0.688078403125 0.9183207421875 0.699482546875 0.907360503125 0.7042434937500001 0.8865192093750001 0.710556440625 0.7889815375 0.7119827109375 0.6383493734375 0.7086148421875 0.567146803125 0.70804136875 0.3390625 0.66875 0.3390625
0 0.790625 0.50078125 0.115625 0.3234375
0 0.88203125 0.47734375 0.1078125 0.2765625