0 0.11328125 0.246875 0.2265625 0.49375
0 0.3671875 0.0625 0.075 0.125
0 0.3796875 0.23046875 0.1 0.2171875
0 0.4724364905961595 0.18060088374910918 0.17445259407530536 0.3417310156438411
0 0.58671875 0.1609375 0.1734375 0.321875
0 0.47734375 0.0328125 0.0890625 0.065625
0 0.62421875 0.02734375 0.1078125 0.0546875
0 0.6809091270856392 0.1456930756589573 0.13110550740125576 0.22401289462538862
0 0.35078125 0.17890625 0.0421875 0.2078125
0 0.1296875 0.9296875 0.2125 0.140625
0 0.5835997378183824 0.7795319364364148 0.1867733189368778 0.2910785682605598
0 0.49602178979328054 0.8857826654603146 0.12052895280546379 0.20471686305535747
0 0.7238242196197852 0.7939724099868812 0.1925226711886312 0.2836300893072471