0 0.32265625 0.22109375 0.0921875 0.4421875
0 0.01015625 0.175 0.0203125 0.35
0 0.08203125 0.08515625 0.0421875 0.1703125
0 0.883925028125 0 0.8829590109375001 0.0142759234375 0.8754822359375 0.2682939203125 0.87912913125 0.279514134375 0.88300226875 0.281016071875 0.9165891953124999 0.281993153125 0.9231934484375 0.2669033625 0.9286071390625 0.13508067343750002 0.9390036687500001 0.024241915625 0.9400182000000001 0 0.883925028125 0
0 0.5875 0.103125 0.059375 0.20625
0 0.01796875 0.82578125 0.0359375 0.3484375
0 0.20625 0.84296875 0.071875 0.3140625
0 0.33046875 0.8875 0.0453125 0.225
0 0.45546875 0.85078125 0.0671875 0.2984375
0 0.08671875 0.82890625 0.0640625 0.3421875
0 0.415625 0.86484375 0.04375 0.2703125