0 0.29609375 0.28515625 0.2765625 0.5671875
0 0.0515625 0.3828125 0.103125 0.371875
0 0.04765625 0.2765625 0.0953125 0.25
0 0.7015625 0.12734375 0.153125 0.2546875
0 0.6334921233131284 0.12922999950902064 0.11528772721932726 0.2146897347764936
0 0.76484375 0.06015625 0.0734375 0.1203125
0 0.8421875 0.096875 0.146875 0.19375
2 0.833117644997493 0.32097765885535345 0.07720239546082901 0.10823974687674198
0 0.77734375 0.06171875 0.0921875 0.1234375
0 0.26328125 0.6796875 0.2953125 0.221875
0 0.74140625 0.9109375 0.1171875 0.178125
0 0.834375 0.8859375 0.140625 0.228125
0 0.9234375 0.8875 0.153125 0.225
0 0.97265625 0.93046875 0.0546875 0.1390625
0 0.98359375 0.7859375 0.0328125 0.315625