0 0.1921875 0.35703125 0.15 0.3859375
0 0.1203125 0.31875 0.15 0.4625
0 0.32265625 0.37578125 0.0921875 0.3484375
0 0.4150440871705213 0.3122892459084668 0.06924834186749589 0.25190972958158
0 0.0609375 0.6125 0.05625 0.125
0 0.140625 0.58203125 0.034375 0.0640625
0 0.22265625 0.6265625 0.0640625 0.153125
0 0.2671875 0.60390625 0.046875 0.1078125
0 0.16875 0.56953125 0.053125 0.0390625
2 0.14304247162550218 0.8114459977225653 0.07410389988706054 0.12109623920022691
0 0.671875 0.62578125 0.08125 0.1515625
0 0.71875 0.66171875 0.0875 0.2234375
0 0.95859375 0.62890625 0.0828125 0.1578125