0 0.215625 0.26484375 0.18125 0.5296875
0 0.009375 0.09140625 0.01875 0.1546875
0 0.6046875 0.0421875 0.071875 0.084375
0 0.69140625 0.07109375 0.0953125 0.1421875
0 0.76953125 0.028125 0.0546875 0.05625
0 0.85390625 0.08203125 0.1046875 0.1640625
0 0.88984375 0.059375 0.0765625 0.11875
0 0.6390625 0.02734375 0.06875 0.0546875
2 0.7449503520379037 0.2765022293373926 0.08724093671876361 0.1347941070321154
0 0.46796875 0.81640625 0.0421875 0.3671875
0 0.815625 0.5796875 0.04375 0.1
0 0.8890988393072471 0.6514614589793271 0.039364878840373055 0.11460272054263579
0 0.7670495340596927 0.6428152490771494 0.04349093671876343 0.1319904796419344
0 0.7434755261671849 0.6419734423218892 0.05542949459715381 0.14987888648947964
2 0.9221696735645839 0.5999397293373926 0.036088689420186525 0.05835272054263576