0 0.3546875 0.1390625 0.190625 0.278125
0 0.05234375 0.275 0.1046875 0.55
0 0.06640625 0.13359375 0.1328125 0.2671875
0 0.528125 0.19609375 0.15625 0.3921875
0 0.8793746495943703 0.24253960863070417 0.12959794730999655 0.291264895460829
2 0.975 0.05546875 0.05 0.1109375
0 0.37734375 0.63984375 0.1453125 0.1796875
0 0.3375 0.67890625 0.146875 0.2578125
0 0.33515625 0.7015625 0.1078125 0.303125
0 0.21171875 0.8359375 0.1390625 0.328125
0 0.26416773715146 0.8425817925661206 0.10294035892771411 0.2685168762235353
0 0.69453125 0.775 0.2703125 0.45
0 0.5921875 0.765625 0.2625 0.43125
0 0.7796875 0.67578125 0.15625 0.2515625
0 0.8375 0.59375 0.115625 0.0875