0 0.215625 0.3671875 0.11875 0.64375
0 0.1328125 0.31796875 0.109375 0.6359375
0 0.3315935044675221 0.3125044239023708 0.06048885551659176 0.4243493366415992
0 0.42490494805413065 0.1628191011145106 0.04046490746575646 0.26104881596343477
0 0.6575787046875 0 0.6417198828125 0.2574911765625 0.6296761906249999 0.5126000125 0.6338767609375 0.5267755968750001 0.6704817734375 0.5319014656250001 0.6769713125 0.5253638546875 0.678823971875 0.5171385984375 0.6850397328125 0.3840339875 0.6945349640625 0.2914683765625 0.70413901875 0.0389845875 0.70673893125 0 0.6575787046875 0
0 0.0390625 0.9546875 0.04375 0.090625
0 0.09609375 0.95 0.0546875 0.1
0 0.3546875 0.953125 0.059375 0.09375
0 0.79375 0.7265625 0.04375 0.075
2 0.8681758867727705 0.7919800622393811 0.07277502678536116 0.05491013192686935
2 0.8479412532497062 0.741778855043452 0.05216251785690744 0.03677656203449331