0 0.3578125 0.271875 0.140625 0.275
0 0.03984375 0.321875 0.0796875 0.175
0 0.1125 0.28671875 0.059375 0.2453125
0 0.984375 0.12734375 0.03125 0.2546875
0 0.9196204924606468 0.25433166261277806 0.07112987210203663 0.2605023953265972
2 0.9366146284171286 0.08320219823197954 0.03984304147037019 0.0633000870059723
2 0.9133917418949988 0.1029328167730906 0.04562414976444433 0.07590918977951393
0 0.3890625 0.68203125 0.140625 0.5453125
0 0.0265625 0.7046875 0.053125 0.590625
0 0.05048305584398065 0.6429032001318407 0.08310077474120306 0.4151535277354167
0 0.12734375 0.596875 0.0796875 0.375
0 0.99140625 0.41875 0.0171875 0.01875
0 0.9460827710180091 0.4581469936348267 0.02121061866166656 0.028561411094166676