0 0.35 0.26796875 0.078125 0.3421875
0 0.1 0.35078125 0.128125 0.1765625
0 0.1640625 0.32734375 0.0875 0.2234375
0 0.4484375 0.321875 0.11875 0.234375
0 0.41875 0.34765625 0.059375 0.1828125
0 0.48984375 0.31953125 0.1515625 0.2390625
0 0.71640625 0.28515625 0.1484375 0.3078125
0 0.81796875 0.29765625 0.1453125 0.2828125
0 0.8703125 0.33671875 0.09375 0.2046875
0 0.5237294332522421 0.3071833771693585 0.06482609016268785 0.13423375889134012
0 0.12578125 0.615625 0.1515625 0.353125
0 0.1 0.55859375 0.084375 0.2390625
0 0.18359375 0.63125 0.1515625 0.384375
0 0.659375 0.45234375 0.028125 0.0265625
2 0.7124232528286705 0.48035120347187543 0.0392533975406721 0.03463186517764645
0 0.6398306353422277 0.48790468424145306 0.03462043969514968 0.043788541356328856