0 0.0921875 0.1984375 0.184375 0.303125
0 0.86484375 0.2359375 0.2703125 0.228125
0 0.45 0.2203125 0.3 0.259375
0 0.42109375 0.17578125 0.2421875 0.3484375
0 0.56796875 0.25859375 0.1703125 0.1828125
0 0.69375 0.2453125 0.13125 0.209375
0 0.25390625 0.81640625 0.0921875 0.2140625
0 0.23984375 0.753125 0.1203125 0.228125
0 0.39737036801793035 0.5166847432170532 0.09862817394668237 0.1990568661314141
0 0.48117141210857495 0.5183089975359898 0.13179110243529274 0.3006589389258032
0 0.5591848418051332 0.5241899552786992 0.07432980455162622 0.1679675524363235
0 0.6309324249854524 0.5592274868955317 0.15478206334561798 0.3347731230712444
0 0.667428034378569 0.5786493129291234 0.11135131455356592 0.2216327729789592
0 0.4311075102918037 0.4842134022240668 0.10395340273485516 0.20716975478036198
0 0.4491092427038204 0.8063597100590612 0.09993584030732112 0.11987001387966068