0 0.1375 0.1796875 0.275 0.359375
0 0.10078125 0.1796875 0.2015625 0.359375
0 0.240625 0.18203125 0.171875 0.3546875
0 0.37172999434579046 0.0699723139322304 0.0806435696514182 0.13835452267663592
0 0.928125 0.15546875 0.14375 0.3078125
0 0.9734375 0.1484375 0.053125 0.296875
0 0.79921875 0.1234375 0.1453125 0.246875
0 0.8015625 0.05 0.10625 0.1
0 0.8467863845531379 0.19008536660568467 0.09798155585660825 0.201018154678545
0 0.46953125 0.55546875 0.0609375 0.2546875
0 0.4568607473980082 0.9104069572724572 0.08071881275401313 0.16958634134309047
2 0.449906983264514 0.7478887759389119 0.05960737336031983 0.06471702800763594
2 0.4890625 0.790625 0.021875 0.075
0 0.9359375 0.59453125 0.128125 0.2984375
0 0.98125 0.6390625 0.0375 0.3125