0 0.16875 0.2609375 0.328125 0.296875
0 0.13671875 0.2140625 0.2734375 0.390625
0 0.29765625 0.29765625 0.1640625 0.2234375
0 0.41484375 0.33203125 0.0703125 0.1546875
0 0.43984375 0.3671875 0.1203125 0.084375
0 0.571875 0.3703125 0.15 0.078125
0 0.6234375 0.34765625 0.1375 0.1234375
0 0.671875 0.365625 0.109375 0.0875
2 0.13857883438967394 0.7119434776821609 0.12329641066226812 0.15832278896022595
0 0.65390625 0.425 0.0734375 0.03125
0 0.5182292304704657 0.9071719772751239 0.041517561757624756 0.08505683847375849
2 0.7453125 0.428125 0.04375 0.0375
2 0.433095712523777 0.9078771351479172 0.045886813011266 0.07420115909060954
2 0.5207404650310595 0.9282111801972232 0.03440374373179385 0.055260244317957154