0 0.32734375 0.25703125 0.3359375 0.4046875
0 0.06328125 0.2484375 0.1265625 0.4
0 0.1584120734681025 0.17606267563945588 0.1487859803961106 0.2755121285298145
0 0.73359375 0.05234375 0.1609375 0.1046875
0 0.8078125 0.034375 0.096875 0.06875
0 0.8796875 0.08984375 0.175 0.1796875
0 0.9140625 0.075 0.1125 0.15
0 0.84140625 0.02890625 0.1109375 0.0578125
2 0.7114032065498622 0.25773857297388886 0.11148288708777745 0.13415970282385156
0 0.5890625 0.52821641875 0.5469585265625 0.611003725 0.437711225 0.8467357296875001 0.43655131875000003 0.8585090046874999 0.43951589375 0.861243134375 0.47007847187499996 0.8736514015625 0.48224586406250003 0.86175554375 0.5403532703125 0.739947096875 0.5890625 0.6497752968749999 0.5890625 0.52821641875
0 0.122469140625 0.459375 0.1027439734375 0.5026043375 0.0068980390625 0.75142985625 0 0.767196684375 0 0.8694181265625 0.0008634796875 0.8698912578125 0.01552778125 0.8636007046875 0.027919748437500003 0.8456739265625 0.0712968578125 0.7561481484374999 0.1306672 0.614955634375 0.1550309484375 0.546790475 0.190605196875 0.459375 0.122469140625 0.459375
0 0.045781062500000004 0.459375 0.029567409375 0.5060426390625 0 0.5796479984375 0 0.711505546875 0.007249042187500001 0.7081938140625 0.022988740625 0.7069314375 0.026767103125000004 0.7023433390625 0.0496433390625 0.6595931687500001 0.0823775984375 0.5749295875 0.1332901 0.459375 0.045781062500000004 0.459375
0 0.28984375 0.56484375 0.2109375 0.2109375
0 0.4125 0.51015625 0.15625 0.1015625
0 0.7040716984375 1 0.7056671999999999 0.996205634375 0.7300309484375 0.9280404749999999 0.8203679171875 0.7060582999999999 0.8850596828124999 0.5624346890625 0.8825442578124999 0.54763871875 0.868796771875 0.5389962546875 0.8324451046875 0.531890259375 0.8003950156249999 0.5448969796875 0.7919955390625001 0.60576884375 0.7716347296875 0.6633149828125 0.7295946234375 0.7702193453125 0.6777439734375 0.8838543375000001 0.6330054374999999 1 0.7040716984375 1
0 0.776234515625 0.459375 0.7743924375 0.46341206718750005 0.7104669796875 0.63489623125 0.6395184546875 0.7866932984374999 0.604567409375 0.8872926390625 0.5890625 0.9258906921874999 0.5890625 1 0.6404349093749999 1 0.6573775984375 0.9561795875 0.7283076078125 0.7951918578124999 0.78282419375 0.6535592640625 0.7933003921875 0.56598110625 0.7969572109375 0.5598131375 0.8076000593749999 0.554950940625 0.8372852312500001 0.48435468281249994 0.8279053187500001 0.4698328125 0.8112096578125 0.459375 0.776234515625 0.459375
0 0.8703125 0.81171875 0.24375 0.3765625
0 0.990625 0.71171875 0.01875 0.1421875