0 0.403125 0.14921875 0.0875 0.2984375
0 0.07578125 0.10234375 0.0328125 0.2046875
0 0.85234375 0.31015625 0.0546875 0.2390625
0 0.9671875 0.29296875 0.053125 0.2734375
0 0.98125 0.14375 0.0375 0.18125
0 0.73671875 0.36484375 0.0421875 0.1296875
0 0.7158564196406211 0.22004668129377455 0.045351230518239395 0.18174089600572704
0 0.7495126249983524 0.13370010128900206 0.04691373051823948 0.1817590773392724
0 0.6765625 0.34375 0.046875 0.171875
0 0.22145540340527137 0.6660489772835932 0.03959215421934559 0.20979317067154532
0 0.32749116923358396 0.6077723059357302 0.05454677272487611 0.35056362133990876
0 0.44296875 0.5890625 0.0546875 0.31875
0 0.5392547836819248 0.5631121445735497 0.04907624837514692 0.21615225867281787
0 0.4546875 0.45234375 0.0375 0.0453125
0 0.1796875 0.50078125 0.0375 0.1421875
0 0.20625 0.4609375 0.04375 0.0625
0 0.14969345170098808 0.6285949779599109 0.03695807792045169 0.2378818080044544