0 0.1140625 0.25 0.228125 0.2375
0 0.07734375 0.20546875 0.1546875 0.3265625
0 0.2296875 0.28203125 0.11875 0.1734375
0 0.68671875 0.10546875 0.1515625 0.2109375
0 0.63515625 0.07578125 0.1296875 0.1515625
0 0.92265625 0.10546875 0.1296875 0.2109375
0 0.94921875 0.12578125 0.1015625 0.2515625
0 0.05703125 0.4765625 0.1140625 0.215625
0 0.15234375 0.50625 0.1453125 0.275
0 0.19609375 0.48125 0.1015625 0.225
0 0.084375 0.496875 0.11875 0.25625
0 0.7207129966803503 0.4361570572208751 0.02676248789975162 0.034838650162155815
0 0.8168067466803504 0.437834379866321 0.029923849336070063 0.04114319724005648