0 0.28828125 0.41171875 0.1421875 0.5546875
0 0.031196336107197277 0.2862394844891221 0.0538857070582587 0.17689213978475227
0 0.56328125 0.13359375 0.0890625 0.2671875
0 0.61484375 0.16953125 0.0953125 0.3390625
0 0.79140625 0.03984375 0.0578125 0.0796875
0 0.8515625 0.13828125 0.09375 0.2765625
0 0.95625 0.1609375 0.0875 0.321875
0 0.984375 0.13515625 0.03125 0.2703125
0 0.675 0.04921875 0.0625 0.0984375
0 0.006802621875 0.6890625 0.010147732812500001 0.7238068046875 0.01513804375 0.8457559031249999 0.0311010421875 1 0.0965642953125 1 0.0924677484375 0.9431989828124999 0.0833129140625 0.8720148921875 0.067930515625 0.6890625 0.006802621875 0.6890625
0 0.17109375 0.825 0.0859375 0.271875
0 0.4296875 0.9765625 0.0625 0.046875
0 0.49140625 0.94453125 0.0546875 0.1109375
0 0.65234375 0.96015625 0.0484375 0.0796875