0 0.4046875 0.2984375 0.25 0.596875
0 0.07734375 0.309375 0.1546875 0.61875
0 0.04375 0.24453125 0.0875 0.4890625
0 0.103125 0.203125 0.184375 0.40625
0 0.2 0.18203125 0.175 0.3640625
0 0.7761655634663042 0.31222311541213277 0.16648483789142504 0.3375556386855445
0 0.8704576974052278 0.3258321767584048 0.12200177212991115 0.23244996801399936
0 0.6602694964968422 0.30461860606299707 0.16945034122540506 0.35476132001909005
0 0.559375 0.3328125 0.059375 0.21875
0 0.575 0.13125 0.090625 0.178125
0 0.62578125 0.06015625 0.0859375 0.1203125
0 0.8586107569578239 0.13567025342135958 0.11227608576539332 0.2089215613462721
0 0.14603139543867547 0.8059703786998622 0.1957897006185215 0.333213584022908
0 0.85234375 0.73046875 0.1859375 0.2234375
0 0.60703125 0.69453125 0.1515625 0.1515625