0 0.36640625 0.1765625 0.1046875 0.346875
0 0.07578125 0.27109375 0.1140625 0.1578125
0 0.14609375 0.2421875 0.1078125 0.215625
0 0.47890625 0.0234375 0.0890625 0.046875
0 0.45390625 0.059375 0.0703125 0.11875
2 0.8046875 0.0515625 0.10625 0.103125
0 0.16796875 0.49921875 0.1390625 0.2984375
0 0.10625 0.4828125 0.115625 0.265625
0 0.37890625 0.44765625 0.0796875 0.1953125
0 0.82265625 0.39453125 0.0765625 0.0890625
0 0.9125 0.36953125 0.071875 0.0390625
0 0.6092278707361038 0.5565945867104172 0.11577473137238706 0.2262097684261109
0 0.5796823968327016 0.7908226152212967 0.06849093671876343 0.13501884043361087