0 0.14921875 0.184375 0.2046875 0.36875
0 0.0734375 0.184375 0.146875 0.36875
0 0.2359375 0.18046875 0.109375 0.3609375
0 0.31953125 0.06640625 0.0703125 0.1328125
0 0.69921875 0.184375 0.1578125 0.36875
0 0.46953125 0.11328125 0.0390625 0.2265625
0 0.10390625 0.7171875 0.2046875 0.565625
0 0.05078125 0.690625 0.1015625 0.61875
0 0.19256601432683257 0.6824094003486466 0.10406333121402156 0.4208695108957633
0 0.2734989400733019 0.6145556288092215 0.09897163962811036 0.3925259896084398
0 0.533349551453598 0.5681287430395091 0.09660075645628793 0.33638525025210164
0 0.640625 0.53125 0.103125 0.325
0 0.7427352591310525 0.4866280987198218 0.07957751139996638 0.22635468639013112
0 0.66015625 0.390625 0.0828125 0.04375