0 0.371875 0.32890625 0.278125 0.3796875
0 0.06953125 0.33125 0.1390625 0.375
0 0.1699523890546608 0.2659151104448027 0.10916696350286301 0.2365773954608291
0 0.70859375 0.14609375 0.1859375 0.2921875
0 0.09921875 0.93671875 0.0609375 0.1265625
0 0.03362244097169591 0.9297965942875519 0.06486245159900639 0.13973711179556503
0 0.05864062168985518 0.9257985750502582 0.06329086123992678 0.13812004809323425
0 0.1078125 0.95390625 0.05625 0.0921875
2 0.06818885939321503 0.7614359746874385 0.048882927594901204 0.07825397477225664
2 0.15638829616149846 0.7724156255057452 0.02684430113146812 0.04936508293962447
0 0.15180533529091406 0.7546105666127377 0.044231789031219736 0.08434028366526398
0 0.646875 0.82265625 0.134375 0.3328125
0 0.75078125 0.84453125 0.1484375 0.3109375
0 0.84296875 0.89375 0.1109375 0.2125
0 0.8751847897185907 0.706815385039574 0.09008971057599666 0.17967263103285874
0 0.7324342083365016 0.6743079638028473 0.09474084913967822 0.1735863221398513
0 0.61796875 0.6359375 0.0765625 0.190625
0 0.8420591932111912 0.6275197546396873 0.08689198770335978 0.1670635036281971
0 0.69140625 0.5609375 0.0609375 0.084375
0 0.8977087086310892 0.8630281795046113 0.10903969847574828 0.214702395460829