0 0.5375 0.2484375 0.103125 0.48125
0 0.1328125 0.25546875 0.184375 0.4671875
0 0.06171875 0.24453125 0.1234375 0.4890625
0 0.22109375 0.278125 0.0953125 0.421875
0 0.3073769443995097 0.1990338800305822 0.06105641026922992 0.27268722749876273
0 0.9708904967338796 0.18465047546259789 0.04889106826055958 0.17079717887824372
0 0.98203125 0.1890625 0.0359375 0.15625
0 0.9298636783321456 0.1622498530067892 0.04696454721387226 0.16446529172311397
0 0.9088532283180282 0.17594718283497263 0.04632751038216938 0.15352779172311415
0 0.869502301981434 0.19569311680159912 0.050180552475544184 0.16619156603337348
2 0.884375 0.0203125 0.03125 0.040625
2 0.96640625 0.01796875 0.0234375 0.0359375
2 0.9647986624059556 0.30739193464399506 0.030855157850155378 0.04834896879233526
2 0.9535874175970402 0.3823543130926975 0.037651189420186526 0.058051517412854636
2 0.9827142044993303 0.3207926933504222 0.028837631541796326 0.04045458163720568
0 0.5890625 0.4890625 0.5778584109375 0.4890625 0.57787849375 0.5491675390624999 0.5679974750000001 0.7235285046875 0.5634701234375 0.9759561734375 0.567253228125 0.987476303125 0.571149646875 0.9893334375 0.5890625 0.9915159109375 0.5890625 0.4890625
0 0.10439024374999999 0.4890625 0.10514167968749999 0.4984956796875 0.11009066249999999 0.6110730890625 0.1086661640625 0.732550765625 0.122055859375 0.9940734203125 0.1220836859375 1 0.1834614390625 1 0.1841016453125 0.9822793734375 0.181154765625 0.8326210875000001 0.17572015937500002 0.761456521875 0.1682830703125 0.5269247296875 0.16853354375000001 0.4890625 0.10439024374999999 0.4890625
0 0.036269659375 0.4890625 0.0328412796875 0.6495719921875 0.041799990625 0.7543435359374999 0.048319537499999995 0.93346751875 0.05414264375 0.9715018093750001 0.061169146875000004 0.9737403062500001 0.08867069375 0.9674142484375 0.10451536406249999 0.9527559312499999 0.11868167968750001 0.9475699296875 0.12031147187499999 0.9422388999999999 0.12399192968749999 0.8956857078125001 0.11955028281249999 0.8066709187499999 0.119209965625 0.6352118046874999 0.11169071875 0.4890625 0.036269659375 0.4890625
0 0.27109375 0.67734375 0.1140625 0.3765625
0 0.36328125 0.51953125 0.0515625 0.0609375
0 0.9041456999999999 0.4890625 0.8956562 0.6388686375 0.89112885 0.8912963078124999 0.8949119546875 0.9028164359375002 0.898808371875 0.9046735703125 0.9324567781249999 0.9087732359375 0.9388950078124999 0.89435125625 0.9427803812500001 0.7634966046875 0.9519005890625 0.6540157625 0.9557212125 0.528682825 0.9555844765625 0.4890625 0.9041456999999999 0.4890625
0 0.61796875 0.64765625 0.0578125 0.3171875