0 0.246875 0.2 0.3125 0.31875
0 0.16796875 0.1796875 0.2921875 0.359375
0 0.34921875 0.228125 0.1765625 0.2625
0 0.4328125 0.23125 0.071875 0.25625
0 0.390625 0.37734375 0.053125 0.0359375
0 0.421875 0.37734375 0.046875 0.0359375
0 0.35078125 0.38203125 0.0578125 0.0453125
0 0.3104497250295057 0.6265625 0.05775750569998319 0.1109375
0 0.3506705334435945 0.5984375 0.04943155347041017 0.08125
0 0.4515625 0.38828125 0.034375 0.0578125
0 0.3136943293724361 0.80703125 0.030823665102807672 0.0609375
0 0.40120540102807667 0.7625 0.04874313861970414 0.09375
0 0.41991756017879955 0.6390625 0.035259792826748536 0.0796875
0 0.3927651982943006 0.5859375 0.03885468639013112 0.0640625
0 0.3431472465689307 0.703125 0.02635468639013112 0.0640625
0 0.3200046775111802 0.7296875 0.033730143815484226 0.0578125
0 0.79132 0.359375 0.784128059375 0.3887314546875 0.725160865625 0.6725396265625 0.6775907078125 0.919748084375 0.679800596875 0.934358421875 0.7155662734374999 0.9459367578125001 0.7229451875 0.9407106046875 0.7259383093749999 0.933002809375 0.75069045625 0.80400805 0.7730589203125 0.7152286531250001 0.817831765625 0.47014845781250003 0.8414523609375 0.359375 0.79132 0.359375
0 0.50546875 0.57109375 0.0734375 0.4234375