0 0.15078125 0.159375 0.2109375 0.31875
0 0.79453125 0.04609375 0.1453125 0.0921875
0 0.74140625 0.08359375 0.1296875 0.1671875
0 0.73515625 0.10703125 0.0921875 0.2140625
0 0.603125 0.1734375 0.121875 0.290625
0 0.65625 0.1921875 0.090625 0.253125
0 0.07109375 0.5484375 0.1421875 0.459375
0 0.1677705999354016 0.5557223061451748 0.1484884762458485 0.4723663089182919
0 0.22026454425987563 0.5544058245825068 0.09512603947951348 0.3193070108957633
0 0.476030090217794 0.6023177087627354 0.08675473010335963 0.21294775025210147
0 0.5908447594038405 0.5448497801662744 0.12289009407530535 0.33991444183801267
0 0.6982672331856786 0.5067327851099529 0.11613944632705894 0.3316648992633658
0 0.7974661967884841 0.4872401039156019 0.09018011875230769 0.2178537715394251
0 0.7109375 0.36015625 0.071875 0.0828125
0 0.47109375 0.35859375 0.0796875 0.0796875
0 0.4375 0.40546875 0.078125 0.1734375
0 0.4200013332779637 0.5607200706472344 0.09546839605020355 0.22755655347041018
0 0.825 0.42734375 0.08125 0.2171875