0 0.259375 0.25 0.234375 0.5
0 0.04765625 0.05625 0.0703125 0.1125
0 0.81365816875 0 0.7859607421874999 0.0890228015625 0.7186580578124999 0.337461796875 0.719555575 0.349149378125 0.7229697734375 0.35132139375000004 0.7554237859375 0.3583101859375 0.7654165234375 0.34465739375000004 0.8018356953125 0.216005175 0.8381451921874999 0.1088811609375 0.86905690625 0 0.81365816875 0
0 0.19921875 0.57578125 0.0953125 0.1515625
0 0.2609375 0.62578125 0.128125 0.2515625
0 0.31015625 0.66015625 0.1234375 0.3203125
0 0.3488883242735943 0.7200916897562302 0.08616714529089187 0.1950793762235353
0 0.4592588084452817 0.6592409805930702 0.12107970779006791 0.31653771397248337
0 0.49609375 0.640625 0.0859375 0.28125
0 0.73046875 0.65390625 0.1234375 0.3078125
0 0.8171875 0.64453125 0.11875 0.2890625
0 0.9044622142894803 0.6517905791417915 0.09088191882984216 0.19680556733052795
0 0.60234375 0.6265625 0.1265625 0.253125
0 0.60859375 0.55234375 0.0921875 0.1046875
0 0.6468854935104735 0.6920163081752172 0.08476828652459378 0.20439981252120454