0 0.615625 0.31953125 0.10625 0.3984375
0 0.24921875 0.2890625 0.3046875 0.459375
0 0.18203125 0.259375 0.2859375 0.51875
0 0.36171875 0.321875 0.1703125 0.39375
0 0.4780459207113161 0.24476097063314178 0.09951129336408933 0.22712610226293634
0 0.75859375 0.08671875 0.1296875 0.1734375
0 0.7296875 0.225 0.121875 0.45
0 0.8984375 0.46796875 0.146875 0.1015625
2 0.7418475280871778 0.31317060304850325 0.12065904002227175 0.1647533672900508
2 0.69375 0.11484375 0.05 0.1671875
0 0.30642655406586067 0.6053257659108774 0.0546158693507266 0.12843407220870695
0 0.3322168947326333 0.6059570249860637 0.07231244668999892 0.17228406615858277
0 0.37363223539940604 0.6064973804704539 0.07538290268936265 0.167614746876742
0 0.21640625 0.58828125 0.0828125 0.1390625
0 0.2796875 0.5578125 0.05625 0.078125
2 0.21354071475172337 0.7472819826351943 0.06533519334818116 0.10974770472226432