0 0.40703125 0.14765625 0.2046875 0.2953125
0 0.09140625 0.21484375 0.1828125 0.4296875
0 0.0984375 0.15625 0.165625 0.3125
0 0.15703125 0.0328125 0.0984375 0.065625
0 0.6484375 0.21484375 0.21875 0.4296875
0 0.746875 0.21484375 0.378125 0.4296875
0 0.89609375 0.21484375 0.2078125 0.4296875
0 0.13828125 0.73671875 0.2765625 0.5265625
0 0.40546875 0.71484375 0.2078125 0.5703125
0 0.04765625 0.80390625 0.0953125 0.3921875
0 0.28984375 0.77421875 0.1859375 0.4515625
0 0.06796875 0.6375 0.1359375 0.346875
0 0.19375 0.63671875 0.16875 0.4140625
0 0.2890625 0.7765625 0.184375 0.446875
0 0.44375 0.690625 0.13125 0.521875
0 0.90234375 0.490625 0.0953125 0.121875
0 0.921546456356322 0.8154361597318006 0.0994621687014785 0.20466535668871888
0 0.68828125 0.47578125 0.0671875 0.0921875
0 0.7552873705352446 0.7500018198909297 0.09082415309764613 0.21807229282674853