0 0.4140625 0.253125 0.21875 0.39375
0 0.075 0.321875 0.15 0.25625
0 0.07890625 0.33828125 0.1359375 0.2234375
0 0.12382154399064849 0.24518194661045714 0.06726112282516113 0.14596702800763603
0 0.75 0.3359375 0.159375 0.228125
0 0.896875 0.2734375 0.20625 0.353125
0 0.96484375 0.27890625 0.0703125 0.3421875
0 0.83203125 0.24609375 0.1703125 0.4078125
0 0.33515625 0.4765625 0.0765625 0.053125
0 0.4 0.515625 0.09375 0.13125
0 0.51171875 0.5421875 0.0796875 0.184375
0 0.57578125 0.54765625 0.0671875 0.1671875
0 0.57578125 0.528125 0.0671875 0.15625
0 0.4578125 0.53359375 0.1 0.1671875
0 0.728125 0.76015625 0.2375 0.4796875
0 0.65703125 0.73359375 0.0953125 0.5328125
0 0.73671875 0.7875 0.1328125 0.425