0 0.32890625 0.15625 0.1015625 0.3125
0 0.05 0.23984375 0.1 0.4796875
0 0.05234375 0.14140625 0.1046875 0.2828125
0 0.85625 0.08125 0.1 0.1625
0 0.78203125 0.06171875 0.1015625 0.1234375
0 0.93125 0.06484375 0.084375 0.1296875
0 0.70625 0.04453125 0.084375 0.0890625
0 0.12894673426541292 0.7100178918974784 0.05522532541528271 0.1581210759347277
0 0.16557584669619904 0.6813358622284844 0.061854859653008985 0.21304537427505377
0 0.1877920057032126 0.6482506750909576 0.04242493676633483 0.15248638257342356
0 0.2227875693983031 0.6675800929324526 0.060292359653008984 0.21292697510489073
0 0.03125 0.7109375 0.0625 0.234375
0 0.06948209669619905 0.6886174111935104 0.06690330505721712 0.19476897095570572
0 0.09561499768364819 0.6308990769604129 0.03892040252860873 0.09779888257342347
2 0.13131716995201348 0.881762837333375 0.04527053207825791 0.09983497925407558
0 0.8332696961701753 0.8144541703170727 0.07101101172019213 0.13754846680652086
0 0.688347222388337 0.8560524423123971 0.0607744185677376 0.14765717261537964
0 0.5238632202288687 0.9109086535198406 0.06894786397194572 0.12961756763635784
0 0.971875 0.83203125 0.05625 0.1328125