0 0.26171875 0.29765625 0.1859375 0.4828125
0 0.03203125 0.240625 0.0640625 0.2875
0 0.85703125 0.26953125 0.1859375 0.5390625
0 0.53046875 0.2109375 0.0828125 0.415625
0 0.6234375 0.06015625 0.059375 0.1203125
0 0.2578125 0.76953125 0.215625 0.4609375
0 0.16796875 0.72421875 0.1984375 0.3703125
0 0.30390625 0.66171875 0.1109375 0.2453125
0 0.878125 0.59921875 0.075 0.1203125
0 0.9606888057551739 0.5912626232449263 0.052327525835555735 0.10232878742738745
0 0.8075819895507642 0.5991757847413003 0.0633377610179167 0.1059632096771285
0 0.98046875 0.75390625 0.0390625 0.1265625
0 0.8842743889614241 0.735599128207325 0.06889808320625015 0.1436815334984459
0 0.7518067278672573 0.7229985825077699 0.05516158510611113 0.08997433664159918