0 0.44296875 0.20234375 0.0921875 0.4046875
0 0.05625 0.26953125 0.1125 0.5390625
0 0.12578125 0.15078125 0.0828125 0.3015625
0 0.22421875 0.059375 0.0640625 0.11875
0 0.8068527534310693 0.31415141801576796 0.08678871388164086 0.3261182150969638
0 0.9101962747183927 0.3128264715864904 0.08268036808868526 0.31200116801906325
0 0.98359375 0.32578125 0.0328125 0.1984375
0 0.7185279447648789 0.3579775101429744 0.05806314431968733 0.20545115909060954
0 0.7309672326479488 0.16890137337349928 0.07372099530842302 0.18387616801906326
0 0.6695877002127606 0.31957748335761327 0.05886081981405518 0.19454093262956001
0 0.8171875 0.8 0.18125 0.4
0 0.73046875 0.83984375 0.0921875 0.3203125
0 0.9421875 0.82890625 0.115625 0.3421875