0 0.38515625 0.159375 0.0984375 0.31875
0 0.03359375 0.159375 0.0515625 0.31875
0 0.121875 0.04140625 0.04375 0.0828125
0 0.5703125 0.015625 0.034375 0.03125
0 0.584375 0.24375 0.05 0.15
0 0.021875 0.44140625 0.04375 0.1859375
0 0.17734375 0.49039992532380816 0.0609375 0.16747428454774688
0 0.1015625 0.46077645607853324 0.046875 0.1585138727290361
2 0.17890625 0.7959962210814429 0.0625 0.0879143303053814
2 0.228125 0.8921875 0.053125 0.215625
0 0.7046875 0.7287137709219633 0.0828125 0.5380099251546303
0 0.80078125 0.659375 0.1484375 0.68125
0 0.96796875 0.7171875 0.0640625 0.565625