0 0.20390625 0.20390625 0.1765625 0.3703125
0 0.103125 0.19453125 0.165625 0.3890625
0 0.27578125 0.221875 0.0859375 0.334375
0 0.3503179618284092 0.08654660410472186 0.05535666394474283 0.14320579255305557
0 0.78359375 0.19765625 0.1484375 0.3828125
0 0.4515625 0.246875 0.04375 0.284375
0 0.5016890142540035 0.19901023651354127 0.054686726372276694 0.23052395459715277
0 0.7578125 0.25078125 0.096875 0.2765625
0 0.1890625 0.69453125 0.190625 0.6109375
0 0.09811695941251317 0.6838229540284719 0.09802136456326416 0.4748194684648611
0 0.34765625 0.70703125 0.1640625 0.5859375
0 0.7542386400271553 0.8094385902370135 0.03313097758022465 0.11929551386770836
0 0.7718725501788761 0.8145072967340272 0.03338606909549373 0.12242051386770836
0 0.7202782282084446 0.7961398096518052 0.03211061151914833 0.10679551386770836
0 0.7013209341177999 0.8036256545415622 0.034183294549686494 0.11308188145888884
0 0.6695765976035007 0.8270638077519441 0.03820111485312836 0.12409211664125
2 0.6780433175976817 0.6718853452710066 0.021141418486670636 0.04883754350298606
2 0.7500618388095089 0.6623817522811107 0.021268964244305265 0.05040004350298606
2 0.7609506388192073 0.9204306416237843 0.027901601517208618 0.055233013867708534
2 0.75078125 0.978125 0.0328125 0.04375
2 0.7738332760921109 0.9248272008943399 0.02130091515269079 0.03168641109416655