0 0.46640625 0.41328125 0.1671875 0.6109375
0 0.11640625 0.41796875 0.2328125 0.6015625
0 0.059375 0.37578125 0.11875 0.6859375
0 0.13916496930532066 0.41317077403045915 0.14913196515613575 0.4489218893637169
0 0.23774233403260486 0.28501641097510155 0.09986198050347532 0.22982327886860804
0 0.6140625 0.30390625 0.128125 0.5953125
0 0.859375 0.40078125 0.259375 0.6359375
0 0.7395686336223306 0.3816771213008012 0.16437845685776606 0.4653659367187634
0 0.8371270273939089 0.1986532477220999 0.1303568091374955 0.3653813472703421
0 0.9328125 0.28125 0.134375 0.4875
0 0.96640625 0.4515625 0.0671875 0.4875
0 0.51640625 0.7609375 0.0515625 0.084375
0 0.8796875 0.8765625 0.215625 0.246875
0 0.61328125 0.87890625 0.1265625 0.2421875