0 0.1234375 0.3484375 0.071875 0.4625
0 0.0796875 0.33046875 0.159375 0.4984375
0 0.6861653878324983 0.14265861248705008 0.06880531094499087 0.12322348428423435
0 0.5989486708491851 0.15885934718556918 0.10949226594251656 0.21552230024766902
0 0.7054542983933765 0.12407343237942622 0.08121013568479185 0.18147263192686952
0 0.7409037974888653 0.10156488564641393 0.0821175384437538 0.1690454065339754
2 0.6976838212332979 0.3029604117012618 0.06428822930778502 0.09651543507002262
0 0.73671875 0.78984375 0.3046875 0.4203125
0 0.4078125 0.80859375 0.371875 0.3828125
0 0.30078125 0.790625 0.2828125 0.41875
0 0.41796875 0.8359375 0.1953125 0.328125
0 0.725 0.78984375 0.2 0.4203125