0 0.1765625 0.25390625 0.265625 0.2703125
0 0.14921875 0.23515625 0.2984375 0.3078125
0 0.86015625 0.1609375 0.2796875 0.321875
0 0.57421875 0.19453125 0.4109375 0.3890625
0 0.46640625 0.19453125 0.3140625 0.3890625
0 0.5796875 0.18046875 0.21875 0.3609375
0 0.87890625 0.146875 0.2265625 0.29375
0 0.28828125 0.5546875 0.0421875 0.33125
0 0.20859375 0.6140625 0.2015625 0.45
0 0.1374061488694897 0.6034905013771259 0.18775002705027716 0.35506962152108806
0 0.0390625 0.63515625 0.078125 0.4515625
0 0.0859375 0.56953125 0.171875 0.3609375
0 0.0609375 0.58046875 0.121875 0.3578125
0 0.27734375 0.496875 0.0640625 0.215625
0 0.45625 0.6828125 0.29375 0.5875
0 0.56484375 0.69453125 0.3828125 0.6109375
0 0.8578125 0.57578125 0.284375 0.3734375
0 0.59375 0.53671875 0.203125 0.2953125
0 0.86171875 0.58125 0.2453125 0.384375