0 0.25390625 0.221875 0.2640625 0.44375
0 0.7484375 0.26015625 0.30625 0.5203125
0 0.66015625 0.19296875 0.2859375 0.3859375
0 0.7953125 0.13984375 0.165625 0.2796875
0 0.29609375 0.7046875 0.2078125 0.271875
0 0.3015625 0.784375 0.196875 0.43125
0 0.7242482510872618 0.8718821853142018 0.05213606909549373 0.12285692496187509
0 0.74679293078382 0.8614901991819099 0.05073306576151389 0.10566942496187508
0 0.7806257968448963 0.8747539185967017 0.05111570303441741 0.11035692496187507
0 0.6856481366931755 0.867084929330278 0.03695760818516849 0.08975348423243049
2 0.7266881116883263 0.7393788098392364 0.03663887272903601 0.04763871941479163
2 0.7955018845671435 0.741760233851181 0.021683552425594322 0.036373911094166725
2 0.75703125 0.9828125 0.0359375 0.034375
2 0.7703125 0.99140625 0.028125 0.0171875