0 0.05859375 0.259375 0.1171875 0.51875
0 0.6625 0.02265625 0.04375 0.0453125
0 0.74296875 0.03125 0.0515625 0.0625
0 0.46328125 0.48203125 0.0421875 0.0734375
0 0.530576475246529 0.2730703899337154 0.04801258035608367 0.15626984736759475
0 0.7854803892084024 0.38596966090028967 0.04419783360249454 0.20610615626060227
2 0.7279054427791248 0.2849180815888622 0.03859094155801372 0.06380952885594056
0 0.4375 0.02109375 0.04375 0.0421875
0 0.03632586891586298 0.7499875539988661 0.04196140340856669 0.07798115626060227
0 0.1638002581209701 0.8275172985565703 0.041852309252765355 0.07173115626060227
0 0.0171875 0.60859375 0.034375 0.0921875
2 0.232524758931749 0.692385841207509 0.11084777110331849 0.08819445916315978
0 0.61015625 0.70859375 0.0828125 0.3796875
0 0.70703125 0.759375 0.1484375 0.48125
0 0.89453125 0.759375 0.1046875 0.48125