0 0.19453125 0.21484375 0.1515625 0.4296875
0 0.08125 0.171875 0.121875 0.34375
0 0.80546875 0.03671875 0.0359375 0.0734375
0 0.92265625 0.0484375 0.0421875 0.096875
0 0.965625 0.328125 0.034375 0.203125
0 0.99453125 0.328125 0.0109375 0.203125
0 0.76640625 0.33984375 0.0515625 0.1796875
0 0.74140625 0.3484375 0.0484375 0.1625
0 0.90234375 0.3421875 0.0453125 0.175
2 0.7657289778374471 0.06830731743583444 0.039049211894930734 0.06251912384546285
2 0.890625 0.02421875 0.028125 0.0484375
0 0.88359375 0.58359375 0.1046875 0.3078125
0 0.5771921002932558 0.6323103203105565 0.08134733378491248 0.3057414435438888