0 0.540625 0.14609375 0.25625 0.2921875
0 0.1375 0.16484375 0.275 0.3296875
0 0.08515625 0.12578125 0.1703125 0.2515625
0 0.18203125 0.078125 0.1609375 0.15625
0 0.50546875 0.1265625 0.1609375 0.253125
1 0.46171650723608926 0.386914913271821 0.044480340343633 0.044240896005727004
1 0.5761851209854706 0.40825301658977625 0.04456222749876275 0.04580339600572696
1 0.4519221053816384 0.42377002327341184 0.05221095318850324 0.042769302673454225
1 0.565568525553455 0.4443359672581398 0.04727779172311415 0.038027258672817865
0 0.76015625 0.73203125 0.1421875 0.5359375
0 0.8984031162357722 0.7321064978915051 0.19980516395178008 0.5051431280235444
0 0.8271832134768102 0.7454428392345954 0.16725161352223877 0.45011018268618097