0 0.215625 0.159375 0.146875 0.31875
0 0.11328125 0.159375 0.1171875 0.31875
0 0.26796875 0.0921875 0.0578125 0.184375
0 0.78125 0.0921875 0.115625 0.184375
0 0.05778438151709384 0.7795579159359869 0.027405870140045252 0.12027964901126431
0 0.07468078308867039 0.7846060488557078 0.02755141935425698 0.12340464901126431
0 0.024772828373940747 0.7694070197747143 0.026823673283198346 0.10777964901126431
0 0.009375 0.77734375 0.01875 0.1140625
2 0.003125 0.64609375 0.00625 0.0484375
2 0.06931269458504445 0.6323551340050017 0.017953787427387447 0.051092606436617415
2 0.052617384412577996 0.8904954159359868 0.025984611248705037 0.05632640965492595
2 0.036570699342555454 0.9507991314071116 0.03179796360606986 0.04738845222957302
2 0.06408142328770747 0.8951447111085239 0.018642992142117266 0.03245186708027923
0 0.8453125 0.44140625 0.171875 0.2453125
0 0.95546875 0.403125 0.0890625 0.16875
0 0.7671875 0.4515625 0.125 0.265625
2 0.7340922861890423 0.5901886853817249 0.11047092721213972 0.09805472376899793