0 0.54296875 0.16484375 0.0921875 0.3296875
0 0.1828125 0.16484375 0.25625 0.3296875
0 0.1 0.16484375 0.2 0.3296875
0 0.24140625 0.1375 0.1234375 0.275
0 0.3390625 0.0265625 0.078125 0.053125
0 0.54375 0.16484375 0.090625 0.3296875
0 0.1375 0.66484375 0.265625 0.6703125
0 0.06171875 0.6453125 0.1234375 0.478125
0 0.2828125 0.70078125 0.24375 0.5984375
0 0.4922802722803025 0.652583151161801 0.15969060676698277 0.5127269400324213
0 0.4189356141813567 0.6967013323028822 0.14722509885831733 0.47471751778268023
0 0.65859375 0.35078125 0.0734375 0.0421875
0 0.74296875 0.3453125 0.0609375 0.03125
0 0.828125 0.346875 0.065625 0.034375