0 0.5359375 0.284375 0.1625 0.56875
0 0.11796875 0.3296875 0.2015625 0.659375
0 0.0546875 0.28203125 0.109375 0.5640625
0 0.17734375 0.22624086889639602 0.0921875 0.43393238229073816
0 0.27421875 0.1125 0.0609375 0.225
0 0.496875 0.30663202870073436 0.0890625 0.5229039540774927
0 0.76171875 0.149690392253361 0.05 0.20301735141192587
0 0.85 0.18350911427754255 0.0421875 0.1465400308788123
0 0.88203125 0.17194112846330745 0.0484375 0.19359688730530317
0 0.91953125 0.17303226702225186 0.0453125 0.19350595909205773
0 0.8109375 0.13862251161197553 0.046875 0.13573892319868044
2 0.78203125 0.316687675639456 0.0421875 0.09497753087881229
0 0.29609375 0.9352808997752085 0.0375 0.11827863855894431
0 0.3171875 0.9210509152146147 0.0375 0.09952863855894431
0 0.3515625 0.9337698755603135 0.0359375 0.1072956744523216
2 0.296875 0.7899911318285198 0.025 0.035102425705962934
2 0.365625 0.7958978025199178 0.01875 0.03179556927947225
0 0.90625 0.67734375 0.034375 0.0359375
2 0.9875 0.6734375 0.025 0.028125