0 0.38984375 0.18984375 0.2484375 0.3796875
0 0.06875 0.2953125 0.1375 0.16875
0 0.09140625 0.27421875 0.0921875 0.2109375
0 0.378125 0.23828125 0.18125 0.2828125
0 0.68515625 0.175 0.2234375 0.35
0 0.90078125 0.18828125 0.1984375 0.3765625
0 0.81875 0.1328125 0.16875 0.265625
0 0.0640625 0.778125 0.128125 0.44375
0 0.20390625 0.7953125 0.1765625 0.409375
0 0.340625 0.725 0.25625 0.55
0 0.48203125 0.75234375 0.1546875 0.4953125
0 0.21264246320827543 0.6580210942032877 0.1649362162333375 0.43296690782296265
0 0.3734375 0.69921875 0.234375 0.6015625
0 0.6875 0.69921875 0.25625 0.5765625