0 0.3421875 0.27578125 0.09375 0.4265625
0 0.02109375 0.33515625 0.0421875 0.3078125
0 0.0724135387094071 0.2731732348011115 0.04642265603118041 0.23070579255305557
0 0.33359375 0.33046875 0.0765625 0.3171875
0 0.8953125 0.40625 0.10625 0.165625
2 0.50390625 0.2109375 0.2296875 0.421875
0 0.09609375 0.75234375 0.1421875 0.4953125
0 0.2703125 0.73046875 0.09375 0.4828125
0 0.2046875 0.76484375 0.078125 0.4703125
0 0.67109375 0.53984375 0.0609375 0.1015625
0 0.540625 0.540625 0.071875 0.103125
0 0.97890625 0.67578125 0.0421875 0.0921875
0 0.94609375 0.50625 0.0578125 0.034375
0 0.7324987054025878 0.707839175530556 0.05770450668363551 0.1263092332825
0 0.83880270206077 0.647830355526424 0.07320223734881744 0.11573540919430556
0 0.4929827667488599 0.7975510664887502 0.06851473734881744 0.11562630642076392
0 0.42556690539463354 0.6421173776591668 0.05594201201463571 0.1090853656913195
0 0.9859375 0.85390625 0.028125 0.1734375