0 0.0421875 0.18203125 0.084375 0.3546875
0 0.0671875 0.20234375 0.065625 0.3140625
0 0.15846058453743037 0.13748499432125244 0.037503919262291775 0.20213524431795715
0 0.38203125 0.209375 0.0359375 0.3
1 0.94140625 0.0203125 0.0328125 0.040625
1 0.84921875 0.00625 0.0234375 0.0125
1 0.8332462982526389 0.034476996756884405 0.02292966014423605 0.045694329545304765
0 0.3185226495075691 0.6666815706201463 0.08863654027194486 0.5200864034085667
0 0.20153517125906212 0.6601333360414218 0.05974520801562529 0.35246252678536116
0 0.02578125 0.63828125 0.0515625 0.4484375
0 0.16005749249746493 0.5968208583625562 0.06377939779513922 0.3915795738632619
0 0.10540570687826349 0.6297930454563428 0.0603634570656947 0.37902502678536115
0 0.965625 0.63203125 0.06875 0.5453125
0 0.57734375 0.6796875 0.1421875 0.640625
0 0.47578125 0.6671875 0.1140625 0.615625
0 0.6293516999444093 0.617959472810897 0.056948822757014204 0.4336307061685101
0 0.7167815776035761 0.4852367017075786 0.04291877108590292 0.2334670649348082
0 0.9542783115516663 0.6489916899397511 0.046558143045486486 0.5240375178569074