0 0.5546875 0.2546875 0.290625 0.509375
0 0.1578125 0.2546875 0.315625 0.509375
0 0.1140625 0.225 0.228125 0.45
0 0.215625 0.18203125 0.203125 0.3640625
0 0.34296875 0.06328125 0.0953125 0.1265625
0 0.5 0.2640625 0.225 0.490625
0 0.9546875 0.24140625 0.090625 0.1953125
0 0.978125 0.28046875 0.04375 0.1890625
0 0.61015625 0.82578125 0.1796875 0.3484375
0 0.228125 0.79296875 0.34375 0.4140625
0 0.1703125 0.7546875 0.321875 0.490625
0 0.3453125 0.8265625 0.19375 0.346875
0 0.4694815038451873 0.773079132598685 0.11187363749381411 0.22772610534690846