0 0.0328125 0.33984375 0.065625 0.5203125
0 0.1703125 0.39609375 0.296875 0.4078125
0 0.29140625 0.27421875 0.1953125 0.5484375
0 0.04765625 0.1890625 0.0953125 0.29375
0 0.93515625 0.08671875 0.1296875 0.1734375
0 0.9703125 0.29453125 0.059375 0.3578125
0 0.9164065886059969 0.418968561840164 0.14337702739390892 0.3326098457733483
0 0.809375 0.12265625 0.165625 0.2453125
0 0.01953125 0.72734375 0.0390625 0.2265625
0 0.0578125 0.71953125 0.115625 0.2390625
0 0.12592941826570225 0.7277940468807691 0.11536858133331247 0.22974566162790727
0 0.46171875 0.646875 0.1453125 0.09375
0 0.6487813807225458 0.8397643183185689 0.05840634108157481 0.11414164558877822