0 0.0734375 0.440625 0.140625 0.496875
0 0.2640625 0.509375 0.1625 0.359375
0 0.44921875 0.39921875 0.0796875 0.5796875
0 0.1848718413743753 0.31886170115233836 0.09419163677722242 0.29208568068726615
0 0.0359375 0.40390625 0.071875 0.5703125
0 0.65625 0.1171875 0.103125 0.234375
0 0.7296875 0.10546875 0.103125 0.2109375
0 0.790625 0.12734375 0.10625 0.2546875
0 0.43984375 0.94921875 0.0984375 0.1015625
0 0.03125 0.9046875 0.0625 0.190625
0 0.28984375 0.90625 0.1296875 0.1875
0 0.6203125 0.7359375 0.203125 0.09375
0 0.559375 0.7453125 0.140625 0.1125
0 0.8861473199072225 0.852466496493497 0.13318009517409735 0.22390224672063966
0 0.95234375 0.73828125 0.0953125 0.0984375
2 0.5557142842880213 0.8031570567611194 0.11795252583555564 0.1060596494796016