0 0.06875 0.275 0.1375 0.55
0 0.3875 0.3796875 0.05625 0.340625
0 0.465625 0.2875 0.2125 0.525
0 0.62734375 0.33359375 0.2140625 0.4328125
0 0.8265625 0.2984375 0.19375 0.503125
0 0.75 0.3515625 0.134375 0.396875
0 0.2892060675451413 0.8622687302452772 0.09907092055068922 0.10058318787965277
0 0.186227805059894 0.6283321009705898 0.08500842055068922 0.10025587955902786
0 0.07421875 0.98125 0.0515625 0.0375
2 0.13501024044161908 0.8588378717721523 0.12363387797604233 0.0949150693385418
0 0.4185482681852303 0.6667075360004511 0.04816398441265975 0.10875805737069451
2 0.5049010314267821 0.6810772008943399 0.025262079953513705 0.04894664627652778