0 0.1796875 0.18984375 0.19375 0.3796875
0 0.284375 0.2484375 0.215625 0.496875
0 0.6421875 0.1484375 0.075 0.296875
0 0.8675625405754157 0.42765383255949035 0.09105139283722163 0.29559776514684694
0 0.7787543188034712 0.4013532869184567 0.09437188246962905 0.280327962657336
0 0.9544466773803693 0.4769066261259315 0.0793730161170366 0.1798543659766839
0 0.70546875 0.39140625 0.0515625 0.1953125
0 0.9890625 0.47890625 0.021875 0.1921875
0 0.81953125 0.8 0.2359375 0.4
0 0.7359375 0.83203125 0.1125 0.3359375
0 0.93515625 0.81484375 0.1296875 0.3703125