0 0.45390625 0.12421875 0.1140625 0.2484375
0 0.35546875 0.2140625 0.1515625 0.428125
0 0.88046875 0.40234375 0.1484375 0.2953125
0 0.7609375 0.40078125 0.140625 0.2984375
0 0.71484375 0.4078125 0.1359375 0.284375
0 0.80390625 0.4859375 0.1328125 0.128125
0 0.9296875 0.4328125 0.140625 0.234375
0 0.07734375 0.709375 0.1546875 0.31875
0 0.32265625 0.775 0.2515625 0.45
0 0.50859375 0.775 0.0828125 0.45
0 0.1984375 0.71640625 0.15625 0.3328125
0 0.35078125 0.6046875 0.1484375 0.109375
0 0.44609375 0.778125 0.1953125 0.44375
2 0.915494305980068 0.7637539495548082 0.09757351172019213 0.13904035668871906
1 0.59453125 0.66953125 0.0890625 0.2390625
1 0.796875 0.646875 0.18125 0.19375
1 0.6140625 0.6421875 0.084375 0.184375
1 0.84921875 0.66015625 0.1046875 0.2203125