0 0.18203125 0.39375 0.2921875 0.53125
0 0.09609375 0.371875 0.1921875 0.575
0 0.18540552940004237 0.3904768126193658 0.15661691072563375 0.43613858935390815
0 0.53984375 0.32265625 0.3015625 0.6453125
0 0.45703125 0.25078125 0.1359375 0.4671875
0 0.70703125 0.3296875 0.2984375 0.659375
0 0.83984375 0.1640625 0.1953125 0.328125
0 0.78984375 0.17890625 0.1765625 0.3578125
0 0.30546875 0.8296875 0.1671875 0.340625
0 0.075 0.85546875 0.15 0.2890625
1 0.65390625 0.7265625 0.1609375 0.134375
1 0.7109375 0.684375 0.090625 0.05