0 0.11796875 0.1546875 0.1859375 0.309375
0 0.71640625 0.09453125 0.1703125 0.1890625
0 0.68671875 0.1234375 0.1078125 0.246875
2 0.13361127270963938 0.6731584296894435 0.06195760818516849 0.09384703628657398
2 0.16599385376392686 0.8451598602738416 0.05286965060882309 0.0775385311027776
2 0.17868543027628644 0.9210190227149526 0.03938123545613248 0.045331623845462944
2 0.0125 0.89140625 0.025 0.0671875
1 0.01484375 0.48125 0.0296875 0.13125
1 0.1416940660513779 0.4488323729505083 0.038615703034417595 0.11197231969842587
1 0.16816097120212897 0.4716054916121749 0.03676616061076281 0.12732391762490733
1 0.18005558013620354 0.6150622571635638 0.04875597758022465 0.12216752591898139
0 0.7110186666505027 0.7502376310090266 0.09827697183034871 0.3297257476909259
0 0.7540349561992195 0.6666630048544896 0.10085983789142502 0.342362448727685
2 0.7203125 0.9296875 0.0875 0.140625