0 0.153125 0.20390625 0.30625 0.4078125
0 0.240625 0.271875 0.328125 0.54375
0 0.575 0.221875 0.109375 0.44375
0 0.740646804163118 0.23247839156614383 0.16525202739390893 0.3323698439616777
0 0.844979106652629 0.2223044521724505 0.15793643486244183 0.31797979534115867
0 0.9331186466945851 0.23650971506274931 0.12320439212119308 0.208775213703953
0 0.66875 0.07578125 0.078125 0.1515625
0 0.64375 0.21484375 0.028125 0.1984375
0 0.66953125 0.2484375 0.0796875 0.203125
0 0.58515625 0.92578125 0.0890625 0.1484375
0 0.503125 0.86171875 0.2375 0.2765625
0 0.38984375 0.88828125 0.1609375 0.2234375
0 0.21171875 0.83515625 0.1984375 0.3296875
0 0.35703125 0.8421875 0.1765625 0.315625
1 0.98515625 0.5796875 0.0296875 0.021875