0 0.04375 0.18984375 0.0875 0.3796875
0 0.12109375 0.18984375 0.1984375 0.3796875
0 0.203125 0.13828125 0.10625 0.2765625
0 0.5109375 0.12421875 0.0875 0.2484375
0 0.46796875 0.20859375 0.0578125 0.3421875
0 0.71796875 0.11875 0.0890625 0.2375
0 0.6796875 0.034375 0.065625 0.06875
0 0.0421875 0.74375 0.084375 0.3875
0 0.061276591382861324 0.5491943154095842 0.09694991470399827 0.2832020622055554
0 0.1640625 0.92265625 0.109375 0.1546875
0 0.7484375 0.68984375 0.228125 0.6203125
0 0.6560543840706331 0.6699845605086118 0.1211339440642698 0.48355337672018506
0 0.90703125 0.68984375 0.1859375 0.6203125
0 0.97890625 0.5875 0.0421875 0.415625