0 0.115625 0.18125 0.23125 0.3625
0 0.48984375 0.12734375 0.2671875 0.2546875
0 0.225 0.04609375 0.175 0.0921875
0 0.4421875 0.1203125 0.190625 0.240625
0 0.80234375 0.0546875 0.1984375 0.109375
0 0.8048055930047966 0.3666315810387946 0.11716412091177605 0.17774222376899793
0 0.9265625 0.13828125 0.146875 0.2765625
0 0.08515625 0.7296875 0.1703125 0.540625
0 0.2515625 0.76015625 0.30625 0.4796875
0 0.4953125 0.80390625 0.309375 0.3921875
0 0.1578125 0.78671875 0.19375 0.4265625
0 0.34681233421003965 0.688916490441619 0.1981089420081222 0.4213936708027909
0 0.4548565692506449 0.7505809740979741 0.23855227174234167 0.4942191656070108
0 0.590625 0.7953125 0.11875 0.409375