0 0.06328125 0.16875 0.1265625 0.3375
0 0.06953125 0.06875 0.0953125 0.1375
0 0.625 0.19609375 0.109375 0.2859375
0 0.68046875 0.09609375 0.0796875 0.1921875
0 0.26484375 0.9546875 0.0328125 0.090625
0 0.28203125 0.95546875 0.0328125 0.0890625
0 0.23046875 0.95390625 0.0296875 0.0921875
0 0.2125 0.95703125 0.03125 0.0859375
0 0.18203125 0.96875 0.0359375 0.0625
0 0.15234375 0.38203125 0.0265625 0.0859375
2 0.24143851025161905 0.38209089528423645 0.020223219962933213 0.04338905459579188
2 0.18239839318339435 0.843928363667404 0.02044147477225664 0.049639054595791876
2 0.25297378801125125 0.8245287191583598 0.02049603847458741 0.05120155459579188
0 0.8553894267638403 0.6110577020394967 0.05767363466105593 0.17830427513842756
2 0.6995288071637269 0.5873767774547793 0.03255952885594056 0.03950259099298643
2 0.7477852578893663 0.6015103261904752 0.05218254809323426 0.06570414558877831
2 0.7646949940943683 0.7045654750184559 0.05341766587924912 0.05642927513842757
2 0.7569122651457605 0.7731850670911765 0.09121033175849824 0.11185725478036197
2 0.8831399153310949 0.5536864905961595 0.04798612141421188 0.07946625693983034
2 0.9241964796663978 0.6755521961794005 0.05040179328391083 0.05935401603912895
2 0.9303125596107977 0.7385831223052772 0.05379961179556503 0.06736677513842756
2 0.9486310283926043 0.8595569563584332 0.05034722958158007 0.05779151603912887
2 0.9580903631463276 0.9286376233850113 0.05886905771188111 0.07860466378737563