0 0.159375 0.365625 0.31875 0.46875
0 0.07109375 0.4453125 0.1421875 0.309375
0 0.3109375 0.38984375 0.35 0.4203125
0 0.41171875 0.3453125 0.1953125 0.5
0 0.38515625 0.3921875 0.2109375 0.415625
0 0.6747203092192703 0.18418708499632644 0.08691541640826923 0.18637383723582168
0 0.7708443375969004 0.1719047327333902 0.07277377081949084 0.13631020472226432
0 0.7948430421004072 0.15613428698811624 0.08987973010335963 0.2082579275949012
0 0.831041357954966 0.1356036183702055 0.08192752775932136 0.18165906615858277
0 0.7170789875046154 0.13782971458301754 0.06592299352159507 0.12689884328594586
2 0.7850138664359558 0.3320382568356911 0.07339553207825791 0.09726588544042354
0 0.028125 0.78203125 0.05625 0.3640625
0 0.05390625 0.725 0.1078125 0.25
0 0.075 0.71875 0.15 0.2375
0 0.12421875 0.7375 0.1734375 0.275
0 0.23125 0.7609375 0.2375 0.321875
0 0.35390625 0.71328125 0.1703125 0.2265625
0 0.4328125 0.73203125 0.153125 0.2640625
0 0.3484375 0.63671875 0.15 0.0734375
0 0.7984375 0.8 0.25 0.4
0 0.8390625 0.8 0.321875 0.4