0 0.109375 0.13984375 0.21875 0.2796875
0 0.21796875 0.13984375 0.3359375 0.2796875
0 0.33515625 0.06484375 0.2078125 0.1296875
0 0.29609375 0.09296875 0.2015625 0.1859375
0 0.8296875 0.13984375 0.28125 0.2796875
0 0.5296875 0.2375 0.103125 0.084375
0 0.821875 0.19609375 0.209375 0.1671875
0 0.37109375 0.48984375 0.1359375 0.3328125
0 0.2981691587364514 0.5321879672075063 0.15201922270845253 0.31906042116548716
0 0.2176009587444055 0.5969384740559835 0.10061926002545327 0.19495914772027056
0 0.16658225672340646 0.44598054791611885 0.07654541335136286 0.1384956601678252
0 0.16890892007476932 0.5787338483310374 0.0959135786919079 0.19304145020978147
0 0.1909368193825432 0.38861741119351045 0.08628404002227175 0.1704560551888033
0 0.5542389874283593 0.9129536377482935 0.05447041868236298 0.11965057178554286
0 0.5656577454248595 0.886284393972071 0.05112724267981754 0.10066377344521663
0 0.6016043360916321 0.8843424630583214 0.062264737348817434 0.11868006763635783
2 0.6390625 0.984375 0.040625 0.03125
2 0.659375 0.9875 0.03125 0.025
2 0.48874925274504183 0.7951517537249776 0.0301965773392725 0.0459995842330974
2 0.5515850600731784 0.7520753373333752 0.025454533338636055 0.04095688672260831