0 0.2375 0.34765625 0.1625 0.4421875
0 0.20078125 0.40546875 0.1390625 0.3265625
0 0.6230109802993702 0.152309283777344 0.0658829495445131 0.10051521046687402
0 0.7070139580668515 0.16889681527678793 0.04842263103285873 0.09170165258848365
0 0.25625 0.61796875 0.078125 0.0984375
0 0.2234375 0.59609375 0.075 0.0546875
0 0.3453125 0.784375 0.053125 0.43125
0 0.4765625 0.81953125 0.14375 0.3609375
0 0.62265625 0.790625 0.2171875 0.41875
0 0.7796875 0.871875 0.14375 0.25625
0 0.915625 0.8484375 0.16875 0.303125
0 0.5328125 0.690625 0.125 0.24375
0 0.93359375 0.81328125 0.1328125 0.3671875