0 0.209375 0.2484375 0.26875 0.4625
0 0.12734375 0.309375 0.1453125 0.340625
0 0.34375 0.3078125 0.25 0.34375
0 0.54609375 0.30390625 0.1265625 0.3515625
0 0.4984375 0.33046875 0.15 0.2984375
0 0.893618680601697 0.15011103094531936 0.06590200956072394 0.17659124373179386
0 0.9469940044758202 0.14465900132014822 0.07675796884459274 0.24864810015828454
0 0.98515625 0.13203125 0.0296875 0.1234375
0 0.80546875 0.1234375 0.0828125 0.246875
0 0.8650523920450339 0.1213100810244617 0.06870563695090492 0.22034124373179384
2 0.8393655698689537 0.3396198118241318 0.042406347932816765 0.07765363855894432
2 0.24638153763381226 0.5455826553184988 0.061216904688076924 0.05480717194503919
0 0.66484375 0.73984375 0.1109375 0.5203125
0 0.73671875 0.73984375 0.2484375 0.5203125
0 0.92734375 0.71796875 0.1453125 0.4765625
0 0.87265625 0.71171875 0.1578125 0.4640625