0 0.10625 0.37265625 0.15 0.6328125
0 0.21640625 0.3234375 0.0671875 0.490625
0 0.669538618249351 0.3669581898764231 0.08166175008481798 0.32663654160312505
0 0.5639607408446893 0.3725380022811107 0.07804567676384036 0.3125013064207639
0 0.7689756230586745 0.3583988478364578 0.07250002649368774 0.19840243882958325
0 0.4688193664352525 0.4145638077519441 0.06608633538669526 0.19356946846486114
0 0.49293645663127117 0.215726264248958 0.03692462504240899 0.16322735182361114
0 0.46110361407299977 0.2554979322769789 0.04090279691210785 0.14302395459715278
0 0.4262152041842004 0.38276960030499974 0.0592906983633867 0.17779899810013902
0 0.78515625 0.75625 0.0859375 0.134375
0 0.528125 0.7546875 0.103125 0.13125