0 0.23515625 0.225 0.2515625 0.45
0 0.14765625 0.2703125 0.1359375 0.359375
0 0.3859375 0.2609375 0.23125 0.378125
0 0.53984375 0.2515625 0.0578125 0.396875
0 0.50703125 0.28203125 0.1234375 0.3359375
0 0.672242352179078 0.08359556989092969 0.04201944198043535 0.1336537341605581
0 0.696875 0.08359375 0.053125 0.1671875
0 0.73828125 0.07734375 0.0609375 0.1546875
0 0.5875 0.0796875 0.0375 0.159375
0 0.63203125 0.04140625 0.0453125 0.0828125
2 0.6101126204537552 0.2424731791775386 0.05462585779368574 0.10963707995351371
0 0.06484375 0.73203125 0.1296875 0.4203125
0 0.19332985495108831 0.7479251397049849 0.10468458390440097 0.32788433540139544
0 0.26011626557325407 0.6420632697747142 0.05505006299888784 0.17035605866619027
0 0.01796875 0.8421875 0.0359375 0.315625
2 0.6648100128012437 0.6129602778204859 0.05925317363517095 0.05549588317182241