0 0.3734375 0.284375 0.171875 0.56875
0 0.28984375 0.21640625 0.0828125 0.4328125
0 0.9608748177186583 0.3481207110430694 0.06655853223407338 0.3506272913958579
0 0.8375 0.31875 0.1125 0.5
0 0.7226420858619453 0.3249770860414218 0.07593353223407337 0.35079093262955985
0 0.5400441993398157 0.30788286363756195 0.08923319754990655 0.4493102532464109
0 0.6836472278506952 0.26247313190150656 0.08091355815305476 0.3898807061685101
0 0.6268019055603713 0.29700781899529327 0.0782574498589808 0.37735343262955984
0 0.17070843897222315 0.7715542569031542 0.030096186051018315 0.1300147824674042
0 0.1962552431192602 0.7648678802799487 0.0371855161170366 0.17538182954530476
0 0.23705590037657495 0.7532349050367151 0.04431451093324039 0.1677056972400564
0 0.07455590037657496 0.7560713530875504 0.04365012959490695 0.19577615016215583
0 0.13266092629555634 0.7160542792242885 0.03484247464666641 0.11293637662320535
2 0.10421613166764007 0.9341866704579905 0.04652226842611089 0.1037795649348082
0 0.63046875 0.85390625 0.1546875 0.2921875
0 0.50625 0.89375 0.09375 0.2125
0 0.5546875 0.815625 0.1 0.36875
0 0.79921875 0.83125 0.1265625 0.3375
0 0.934375 0.89296875 0.08125 0.2140625