0 0.1203125 0.13984375 0.240625 0.2796875
0 0.26640625 0.13984375 0.2765625 0.2796875
0 0.4296875 0.13984375 0.1875 0.2796875
0 0.04140625 0.13984375 0.0828125 0.2796875
2 0.36484375 0.13984375 0.1828125 0.2796875
0 0.75859375 0.13984375 0.2578125 0.2796875
0 0.8671875 0.13984375 0.265625 0.2796875
0 0.3375 0.43046875 0.15 0.3015625
0 0.26442100284259745 0.4593601532242064 0.09077473137238705 0.2208262303552928
0 0.511433239759005 0.5492018649682494 0.12552770492285337 0.3626883986760925
0 0.8296875 0.63984375 0.303125 0.7203125
0 0.7380357241857509 0.600477458848559 0.1664550837632266 0.4767894400324213
0 0.92890625 0.6421875 0.1421875 0.715625