0 0.21328125 0.26953125 0.3953125 0.5390625
0 0.140625 0.21640625 0.221875 0.4328125
0 0.32734375 0.27265625 0.3703125 0.5328125
0 0.540625 0.2984375 0.196875 0.48125
0 0.4859375 0.31875 0.209375 0.440625
0 0.72109375 0.1890625 0.1640625 0.378125
0 0.8171875 0.265625 0.321875 0.53125
0 0.91171875 0.29375 0.1765625 0.490625
0 0.80390625 0.1390625 0.2296875 0.278125
0 0.88203125 0.2125 0.2359375 0.425
0 0.4546875 0.85390625 0.175 0.2921875
0 0.35390625 0.840625 0.1671875 0.31875
0 0.53046875 0.91796875 0.1296875 0.1640625
0 0.40168701887182456 0.6522983714428799 0.06586364357108572 0.11029264381548423
0 0.335208991277423 0.6900608153745796 0.09358682448483524 0.14797831411407197
0 0.24510328691845668 0.7701528709386769 0.09559961037760659 0.174540814114072
0 0.2591173201119357 0.8339639986626176 0.1299279888018452 0.21735102698730663
0 0.68828125 0.8828125 0.0984375 0.234375