0 0.33046875 0.34609375 0.2546875 0.5078125
0 0.2484375 0.40546875 0.1375 0.3890625
0 0.4671875 0.409375 0.234375 0.38125
0 0.63828125 0.4109375 0.0609375 0.378125
0 0.72890625 0.38046875 0.1203125 0.4390625
0 0.934375 0.4203125 0.13125 0.359375
0 0.703125 0.3 0.06875 0.3625
0 0.8057339997951122 0.3443955777910073 0.15097191852568734 0.42649237765916687
0 0.82421875 0.4515625 0.1328125 0.296875
0 0.30078125 0.9234375 0.1484375 0.153125
0 0.22421875 0.8 0.1734375 0.4
0 0.3625 0.6765625 0.13125 0.153125
0 0.41171875 0.865625 0.1078125 0.26875
0 0.88984375 0.6921875 0.1609375 0.184375
0 0.7703125 0.6375 0.109375 0.075