0 0.05078125 0.3796875 0.1015625 0.759375
0 0.16171875 0.4015625 0.1921875 0.715625
0 0.31484375 0.24765625 0.0890625 0.4953125
0 0.2737374795796871 0.28740747631383057 0.11225457180708372 0.4623301669304743
0 0.6036042046940621 0.42385240782578126 0.08209037385944455 0.23972774122451135
0 0.8379623273192356 0.3506720059390018 0.08906641926229178 0.20401756175762475
0 0.6046875 0.6546875 0.071875 0.209375
0 0.8578125 0.6484375 0.10625 0.221875
2 0.5473217563651733 0.2256255079840658 0.07783667211208342 0.12405727711788864
2 0.7905288553389929 0.10768653556417292 0.14488000816812524 0.1869042695960413
0 0.6765625 0.9265625 0.1625 0.146875
0 0.53203125 0.909375 0.1046875 0.18125
0 0.940625 0.88125 0.11875 0.2375