0 0.29921875 0.175 0.2609375 0.35
0 0.2046875 0.12265625 0.140625 0.2453125
0 0.43046875 0.175 0.1578125 0.35
0 0.75625 0.0296875 0.071875 0.059375
0 0.81953125 0.06875 0.0859375 0.1375
0 0.9296875 0.09375 0.075 0.1875
0 0.98046875 0.0984375 0.0390625 0.16875
0 0.9828125 0.07890625 0.034375 0.1578125
0 0.87734375 0.08515625 0.0921875 0.1703125
0 0.25234375 0.6734375 0.2609375 0.646875
0 0.1578125 0.58671875 0.140625 0.4734375
0 0.40703125 0.675 0.2046875 0.65
0 0.47890625 0.5578125 0.0609375 0.415625