0 0.27890625 0.3 0.2234375 0.6
0 0.18614525418097178 0.2686457847615723 0.11676154027194485 0.5224057680561673
0 0.4515625 0.3 0.196875 0.6
0 0.62578125 0.2046875 0.1296875 0.409375
0 0.56015625 0.215625 0.1046875 0.43125
0 0.3560440993550692 0.7403248334029607 0.06501067021222226 0.1771279843909034
2 0.1996129146095484 0.7200272354872117 0.03372168977951393 0.040208337748947984
2 0.24848617249333307 0.7331522288637897 0.05308993882958344 0.06742560217691826
2 0.26405466147541634 0.835649746286985 0.0559603656913195 0.05659722958157989
2 0.25620448746347185 0.9046180010963084 0.09633209897381949 0.11421132213985138
2 0.38395220022874976 0.6815847504633361 0.05025587955902786 0.07981647477225655
2 0.4240660943210761 0.8027404986492377 0.052908100873680655 0.059613102176918176
2 0.4296426406738538 0.8649949619887488 0.056251306420763925 0.06909722958158007
2 0.446875 0.97734375 0.053125 0.0453125
2 0.903125 0.6359375 0.084375 0.071875