0 0.109375 0.26796875 0.21875 0.3015625
0 0.2546875 0.29765625 0.25 0.2421875
0 0.40078125 0.26953125 0.1171875 0.2984375
0 0.35625 0.31015625 0.146875 0.2171875
0 0.5360338684769722 0.08895669605345206 0.07120506242753404 0.0882454346753633
0 0.6529503015075104 0.08406120540258773 0.06613492515463033 0.08350339067472694
0 0.33373830271545835 0.5883759880649061 0.1264019718303487 0.32460110534690845
0 0.4734375 0.81875 0.028125 0.203125
0 0.5486463413460912 0.8259765327418602 0.054049255460011734 0.14580339600572714
0 0.5776481861953402 0.8059822060789055 0.06412562818904774 0.19275112133990877
0 0.6144785064987819 0.7954628767504507 0.061000628189047744 0.19271475867281787
0 0.501978506498782 0.7941538207351787 0.05784393515657005 0.1349204400063634
2 0.5078125 0.96328125 0.05 0.0734375