0 0.15390625 0.215625 0.2140625 0.36875
0 0.23046875 0.2 0.3890625 0.4
0 0.36484375 0.228125 0.3484375 0.34375
0 0.471875 0.26796875 0.134375 0.2640625
0 0.765625 0.08203125 0.128125 0.1640625
0 0.14910812811001825 0.5016456895261234 0.10612824852966192 0.17825345941492107
0 0.22320736940359093 0.5201423193957397 0.08647748982323478 0.16073867694751698
0 0.3064326272055071 0.5286327037295828 0.07973616689245625 0.15125458279171564
0 0.3836126028952476 0.5331077439076248 0.07998182835784533 0.15594208279171565
0 0.21953125 0.92578125 0.0921875 0.1484375
0 0.10625 0.90703125 0.1 0.1859375
0 0.07144131501732076 0.894400205354436 0.057376488014212336 0.11183752678536116
0 0.02734375 0.91328125 0.0546875 0.1328125
0 0.8390625 0.71640625 0.296875 0.5671875
0 0.56953125 0.6453125 0.0609375 0.453125
0 0.6217776662150877 0.5415400324641088 0.10874863749381411 0.2282534594149211
0 0.790625 0.765625 0.221875 0.46875