0 0.6171875 0.10703125 0.109375 0.2140625
0 0.565625 0.0890625 0.053125 0.178125
0 0.6906125208817562 0.12568488090290852 0.09059526206571747 0.1840250747577336
0 0.7453173790491242 0.14368112805291702 0.10224209019601868 0.20510239926336596
0 0.3064409067239384 0.5113495932719402 0.08821430653075471 0.16047831411407198
0 0.1770683429367895 0.8461612718684013 0.08974209019601868 0.204228314114072
0 0.3485266806857375 0.801439361709272 0.07368058057737184 0.19063570767745475
0 0.13106393920807607 0.40047706729303967 0.059161723591130054 0.13194912252816077
0 0.06258423540239377 0.7099884611085239 0.08085816351699648 0.21763525025210165
0 0.468234067793864 0.45327537729661227 0.05899803248413775 0.1272616225281607
0 0.340625 0.9828125 0.059375 0.034375
0 0.58125 0.4140625 0.084375 0.25
0 0.78359375 0.44921875 0.1171875 0.3203125
0 0.784375 0.359375 0.08125 0.140625