0 0.1953125 0.21796875 0.275 0.4359375
0 0.24296875 0.284375 0.3734375 0.56875
0 0.3625 0.271875 0.134375 0.54375
0 0.58671875 0.10703125 0.1359375 0.2140625
0 0.6671875 0.0859375 0.1375 0.171875
0 0.9109375 0.40546875 0.178125 0.3265625
0 0.9640625 0.303125 0.071875 0.18125
2 0.06302402683647061 0.7166567981780523 0.04060401603912896 0.04974702885594055
0 0.6140625 0.68125 0.18125 0.225
0 0.7109375 0.65859375 0.171875 0.1796875
0 0.80546875 0.62109375 0.1328125 0.1046875
0 0.5471873642857127 0.7032341936388813 0.11770434145441175 0.20678076805616746
0 0.4890625 0.5953125 0.11875 0.053125
0 0.48671875 0.68515625 0.1140625 0.1984375