0 0.13984375 0.11640625 0.1828125 0.2328125
0 0.23046875 0.125 0.3171875 0.25
0 0.38671875 0.125 0.2265625 0.25
0 0.66953125 0.1125 0.1828125 0.225
0 0.76015625 0.125 0.3171875 0.25
0 0.90234375 0.125 0.1953125 0.25
0 0.18515625 0.28671875 0.1015625 0.0734375
0 0.28125 0.290625 0.103125 0.08125
0 0.3890575823912691 0.7864887036427886 0.06840690097293453 0.1628142605154496
0 0.32019630844528174 0.6175992627787571 0.11061376623205454 0.25556832654882305
0 0.7953125 0.415625 0.190625 0.33125
0 0.9076378072274658 0.5130124185899368 0.1519126964259822 0.38574050542706695
0 0.5375 0.478125 0.075 0.38125