0 0.0609375 0.234375 0.121875 0.46875
0 0.15390625 0.234375 0.3078125 0.46875
0 0.29921875 0.234375 0.3359375 0.46875
0 0.428125 0.1640625 0.203125 0.328125
0 0.40078125 0.15234375 0.2078125 0.3046875
0 0.8734804005223451 0.18308828990295903 0.15163517861449413 0.3515272320178173
0 0.7515625 0.31015625 0.1375 0.3171875
0 0.6921875 0.07265625 0.159375 0.1453125
0 0.15542762151256273 0.7907927965865946 0.15955409442774454 0.32663632001909004
0 0.0640625 0.8265625 0.128125 0.3125
0 0.2528486530825938 0.780290553906777 0.11964318401734034 0.2043795120146356
0 0.01484375 0.6140625 0.0296875 0.109375
0 0.6218779160955992 0.7532660719287305 0.09502261561560629 0.183794292011454
0 0.751656421357271 0.7501945212444586 0.13155092079257358 0.274782918682363