0 0.16171875 0.25234375 0.2234375 0.5046875
0 0.2421875 0.3046875 0.353125 0.609375
0 0.36015625 0.3046875 0.1171875 0.609375
0 0.72890625 0.2296875 0.2234375 0.459375
0 0.81640625 0.3046875 0.3671875 0.609375
0 0.934375 0.284375 0.13125 0.56875
0 0.0375 0.71015625 0.075 0.2015625
0 0.13359375 0.67109375 0.1109375 0.1234375
0 0.2578125 0.6734375 0.096875 0.128125
0 0.31796875 0.69609375 0.1109375 0.1734375
0 0.5359375 0.909375 0.078125 0.18125
0 0.6345242828534502 0.9016949838042457 0.06652377081949083 0.14031826929603194
0 0.6612066988002943 0.8856788974965559 0.08060485965300898 0.21446616431700996
0 0.7006394386212614 0.8648093678275618 0.0726526573089707 0.187430067636358
0 0.5868773272702092 0.8687650072494627 0.059773123071244424 0.13203217261537983