0 0.18515625 0.28125 0.0921875 0.415625
0 0.28203125 0.24453125 0.1640625 0.4890625
0 0.4578125 0.38359375 0.078125 0.2109375
0 0.54765625 0.296875 0.1640625 0.384375
0 0.74140625 0.353125 0.1171875 0.271875
0 0.9375 0.32890625 0.11875 0.3203125
0 0.8609375 0.3796875 0.08125 0.21875
0 0.1984375 0.5551935085223385 0.0296875 0.10416171034428627
2 0.28125 0.5752728847458739 0.028125 0.040044646641955416
2 0.26796875 0.9921875 0.0171875 0.015625
0 0.51640625 0.58203125 0.0453125 0.1859375
2 0.8 0.59296875 0.1375 0.2078125
2 0.91484375 0.9234375 0.1359375 0.153125