0 0.0703125 0.16484375 0.140625 0.3296875
0 0.2234375 0.21015625 0.15 0.2390625
0 0.81640625 0.03984375 0.0609375 0.0796875
0 0.74375 0.0265625 0.028125 0.053125
0 0.7222769762368227 0.24059053377734402 0.05531885277546902 0.09519067363517095
0 0.8065883092406285 0.2470673179076238 0.037876684790691506 0.08793961575678075
0 0.19375 0.46640625 0.06875 0.2734375
0 0.10059031863216852 0.5718489680770331 0.07946459589256794 0.4582367052052021
0 0.41171875 0.36875 0.0484375 0.078125
0 0.49609375 0.37578125 0.0640625 0.0921875
0 0.5875 0.390625 0.053125 0.121875
0 0.6674063814072001 0.40486440735604534 0.06067219764227279 0.1500601841585147
0 0.60234375 0.946875 0.0640625 0.10625
0 0.365625 0.91171875 0.03125 0.1765625
0 0.43848690806176477 0.6609191733528224 0.056366699619439145 0.15916216837349922
0 0.6854826303814359 0.806866523112826 0.056841543497659686 0.2090711631118273
2 0.6343114026245573 0.6981670863234753 0.04167284684397003 0.06633763154179614
0 0.3703125 0.375 0.040625 0.090625