0 0.11171875 0.2515625 0.2046875 0.434375
0 0.20078125 0.234375 0.3546875 0.46875
0 0.36875 0.25625 0.284375 0.425
0 0.60078125 0.2578125 0.2484375 0.421875
0 0.5078125 0.29375 0.18125 0.35
0 0.7921875 0.2890625 0.125 0.359375
0 0.89765625 0.259375 0.2046875 0.41875
0 0.91796875 0.228125 0.1640625 0.45625
0 0.6535865875234572 0.7836821622315285 0.07490753669052844 0.16090243882958344
0 0.0609375 0.5234375 0.078125 0.109375
0 0.5917676689381965 0.6093530030372228 0.12081084186749588 0.25247299620027785
0 0.86640625 0.659375 0.2671875 0.38125