0 0.12542914136929584 0.36300336577619124 0.1389187224948218 0.5419292361025528
0 0.2234375 0.33984375 0.240625 0.6796875
0 0.41328125 0.353125 0.1734375 0.653125
0 0.484375 0.3375 0.03125 0.534375
0 0.6177976906436564 0.4745724408857265 0.09734131378714891 0.3330744543589663
0 0.5296875 0.475 0.059375 0.31875
0 0.7166344947273403 0.47115328819107843 0.08354665389834963 0.20580155933798813
0 0.196875 0.83984375 0.175 0.3203125
0 0.45 0.83984375 0.1 0.3203125
0 0.071875 0.83984375 0.10625 0.3203125
0 0.27890625 0.77578125 0.1140625 0.1921875
0 0.6234375 0.76640625 0.128125 0.1734375