0 0.05390625 0.184375 0.1078125 0.36875
0 0.13671875 0.184375 0.2296875 0.36875
0 0.31796875 0.184375 0.1765625 0.36875
0 0.53671875 0.184375 0.1640625 0.36875
0 0.44765625 0.184375 0.1234375 0.36875
0 0.9640625 0.03515625 0.071875 0.0703125
0 0.1296875 0.79453125 0.165625 0.4109375
0 0.4015625 0.834375 0.16875 0.33125
0 0.03671875 0.8234375 0.0734375 0.353125
0 0.18584361387220535 0.7561777364222974 0.11333735479701908 0.41896137357870133
0 0.30703125 0.78359375 0.1390625 0.4328125
0 0.54765625 0.8234375 0.1390625 0.353125
0 0.69453125 0.73984375 0.0515625 0.2265625
0 0.721441267168414 0.7927438389543113 0.05741356596219109 0.20327618942018652