0 0.209375 0.190625 0.41875 0.2375
0 0.32421875 0.2171875 0.1890625 0.184375
0 0.74453125 0.14296875 0.2984375 0.2859375
0 0.49296875 0.1546875 0.1484375 0.309375
0 0.24453125 0.3609375 0.0796875 0.103125
0 0.34519504777856974 0.6176558359325486 0.10743161035393456 0.18237724267981753
0 0.2655684609609842 0.6443461526098208 0.11357519454068399 0.20743178668045398
0 0.17578125 0.3734375 0.0796875 0.128125
0 0.5140625 0.6140625 0.190625 0.578125
0 0.74453125 0.63125 0.3234375 0.64375
0 0.92890625 0.615625 0.1421875 0.6125
0 0.6249827163638304 0.615994980625411 0.2049869627447741 0.43646585335772625
0 0.7234375 0.4359375 0.153125 0.253125
0 0.8734375 0.50078125 0.253125 0.3828125
0 0.88515625 0.5953125 0.2296875 0.490625