0 0.05859375 0.14609375 0.1171875 0.2921875
0 0.15 0.15 0.3 0.3
0 0.22578125 0.15 0.1859375 0.3
0 0.753125 0.0375 0.13125 0.075
0 0.66171875 0.03671875 0.1328125 0.0734375
0 0.57421875 0.0265625 0.1078125 0.053125
0 0.17578125 0.7375 0.2859375 0.525
0 0.10234375 0.72265625 0.2046875 0.5546875
0 0.20234375 0.75859375 0.2046875 0.4828125
0 0.25703125 0.61171875 0.1234375 0.3109375
0 0.6064436459025453 0.647610128768776 0.04919656847545255 0.1128187354561323
0 0.5875329595976357 0.627393223618025 0.05624760487264702 0.12582891848667063
0 0.5493320527500906 0.6413918218012539 0.05781010487264702 0.12595646424430526
0 0.5289497015780713 0.6562673937716855 0.0576098457733484 0.12283146424430527
0 0.4954968514857862 0.6931933089243761 0.05791023442229637 0.12751896424430526
0 0.5394830906884447 0.4797686666505028 0.035855959283868796 0.07442591515269079
2 0.4798484723975623 0.5250490868041633 0.045130829734219446 0.07362868969849785
2 0.5529948781653733 0.487214504831792 0.03319203423772628 0.05711086939505634
2 0.6088095774270929 0.7562198542229688 0.04130492288667416 0.06243609818322895
2 0.614510062467698 0.8249220567983443 0.037779404688076924 0.05593100666796005
2 0.6234530683277942 0.7581331695254407 0.027803627390180986 0.045790732122152636