0 0.053125 0.175 0.10625 0.35
0 0.1453125 0.175 0.290625 0.35
0 0.2796875 0.175 0.34375 0.35
0 0.39453125 0.09375 0.2296875 0.1875
0 0.3734375 0.1203125 0.23125 0.240625
0 0.61796875 0.05625 0.0859375 0.1125
0 0.6625 0.05859375 0.10625 0.1171875
0 0.69453125 0.01484375 0.0546875 0.0296875
0 0.73671875 0.04375 0.1078125 0.0875
0 0.54375 0.08203125 0.06875 0.1640625
0 0.57734375 0.06015625 0.0953125 0.1203125
2 0.6729266786627568 0.2126143472708665 0.049603185116542825 0.0786704400063634
0 0.29375 0.39375 0.103125 0.0875
0 0.3640625 0.3734375 0.084375 0.046875
0 0.4953125 0.68671875 0.028125 0.1859375
0 0.48671875 0.6984375 0.0453125 0.1125
0 0.46946686196520115 0.7429740092695939 0.06083335099579194 0.13190452800763594
0 0.44260675080260825 0.8019041139401846 0.07771331614940155 0.16802384134309029
0 0.6 0.62265625 0.18125 0.5265625
0 0.6921875 0.675 0.365625 0.65
0 0.84609375 0.66953125 0.3078125 0.6390625
0 0.93203125 0.534375 0.1359375 0.36875
0 0.91953125 0.53828125 0.1609375 0.3765625