0 0.0375 0.1703125 0.075 0.296875
0 0.11484375 0.159375 0.2296875 0.31875
0 0.2875 0.159375 0.2125 0.31875
0 0.46796875 0.159375 0.1640625 0.31875
0 0.40703125 0.159375 0.1390625 0.31875
0 0.80625 0.2046875 0.184375 0.228125
0 0.17890625 0.33671875 0.0453125 0.0359375
0 0.21557973937300884 0.8947766781929163 0.04183337516934209 0.11333645459715277
0 0.2370796031223902 0.8716476495075691 0.04282266508343398 0.10243532218833344
0 0.27491047376917654 0.8793503935236455 0.04331398801421234 0.11181032218833345
0 0.17972744855440587 0.9088761989944787 0.02974945499752559 0.09120688145888885
2 0.2671875 0.33046875 0.034375 0.0234375
2 0.1861080026019918 0.7573500665856594 0.03222600180902226 0.04912848423243048
2 0.26192687415328936 0.7399794222089926 0.025812227498762753 0.04585801386770836
2 0.275 0.9828125 0.028125 0.034375
2 0.2890625 0.9921875 0.028125 0.015625
0 0.63984375 0.35546875 0.1296875 0.0734375
2 0.8041397868618739 0.380998586818541 0.10088082654882306 0.10846842306201392