0 0.08359375 0.2828125 0.1671875 0.39375
0 0.1625 0.23984375 0.325 0.4796875
0 0.33359375 0.2875 0.2609375 0.384375
0 0.51328125 0.2875 0.1328125 0.384375
0 0.475 0.3296875 0.175 0.3
0 0.90234375 0.23984375 0.1953125 0.4796875
0 0.86484375 0.2 0.1515625 0.4
0 0.21817674065086443 0.57109375 0.0402806493475449 0.1046875
2 0.2981909573122282 0.61015625 0.03492044000636341 0.046875
0 0.6595871552355499 0.8203125 0.046694281349453706 0.11875
0 0.6695070478994591 0.840625 0.048311325350090153 0.1234375
0 0.6269746499045499 0.803125 0.04344201201463562 0.1078125
0 0.6073888559039136 0.8078125 0.046639737348817434 0.1140625
0 0.58515625 0.81953125 0.0109375 0.0984375
2 0.6213706345878672 0.68046875 0.03179544000636332 0.046875
2 0.6877223405872309 0.68515625 0.02067612667090888 0.03125
2 0.626246849220278 0.9328125 0.027089758672817866 0.0453125
2 0.60234375 0.98515625 0.0328125 0.0296875
2 0.6377928765515962 0.94765625 0.027107940006363317 0.046875