0 0.08828125 0.18984375 0.1765625 0.3796875
0 0.2484375 0.11875 0.19375 0.2375
0 0.178125 0.11875 0.14375 0.2375
0 0.54296875 0.18984375 0.1578125 0.3796875
0 0.640625 0.18984375 0.271875 0.3796875
0 0.83828125 0.18984375 0.2140625 0.3796875
0 0.9390625 0.1515625 0.121875 0.303125
0 0.43203125 0.6921875 0.1046875 0.4625
0 0.559375 0.68984375 0.190625 0.6203125
0 0.722801895580195 0.6966169842212674 0.14568238468443173 0.500749022865491
0 0.87421875 0.68984375 0.1953125 0.6203125
0 0.9828125 0.596875 0.034375 0.434375
0 0.446875 0.56171875 0.121875 0.3640625
0 0.59765625 0.67265625 0.1671875 0.5859375
0 0.878125 0.65859375 0.16875 0.5578125