0 0.01640625 0.0421875 0.0296875 0.084375
0 0.024082406978392434 0.30371162075921776 0.03559524881887359 0.08121576674922296
0 0.05390625 0.0484375 0.0265625 0.096875
0 0.09921875 0.31640625 0.0203125 0.0671875
0 0.05914688774109873 0.2803854367226524 0.02718254809323426 0.06366439371369381
0 0.6125 0.09140625 0.071875 0.1828125
0 0.7484375 0.153125 0.1 0.30625
0 0.8658432879264332 0.18632733746565946 0.0796776094333124 0.22678513192686944
0 0.059682567963500154 0.4846405971855692 0.054623045730981444 0.22405823821317572
0 0.10703125 0.4453125 0.0578125 0.190625
0 0.015625 0.559375 0.03125 0.24375
0 0.16909726269868974 0.5802142704687674 0.04599209019601869 0.2002568651776464
0 0.203125 0.92890625 0.078125 0.1421875
0 0.09453125 0.909375 0.0703125 0.18125
0 0.64140625 0.40625 0.0796875 0.1125
0 0.76171875 0.3984375 0.0921875 0.096875
2 0.5945015451828274 0.5686538782028159 0.08060021397248321 0.11919095574818712
2 0.6157738883740709 0.7311003742738744 0.11335815027015243 0.11915672249741008
2 0.6621925645049391 0.9212373767550737 0.09246529691210785 0.14626287799792798
0 0.70625 0.459375 0.065625 0.21875