0 0.35546875 0.20859375 0.0171875 0.08671875
0 0.3203125 0.2328125 0.0203125 0.14296875
0 0.39140625 0.20234375 0.02265625 0.096875
0 0.42890625 0.21875 0.02265625 0.11796875
0 0.30703125 0.20625 0.0234375 0.1234375
0 0.44921875 0.19296875 0.0171875 0.12890625
0 0.32734375 0.52265625 0.0265625 0.125
0 0.4046875 0.4515625 0.0109375 0.06796875
0 0.4390625 0.5125 0.015625 0.1
0 0.34609375 0.50703125 0.01640625 0.05859375
0 0.36796875 0.471875 0.0109375 0.05859375
0 0.44453125 0.63125 0.01015625 0.0796875
0 0.37890625 0.59609375 0.00703125 0.075
0 0.36015625 0.60859375 0.02109375 0.0796875
0 0.36796875 0.690625 0.015625 0.07265625