0 0.2609375 0.0234375 0.0375 0.046875
0 0.37109375 0.01484375 0.0390625 0.0296875
0 0.2349492552645573 0.26362346806401654 0.042923819085449025 0.12803571996293303
0 0.31975098126045226 0.19971224628698492 0.019149975799503238 0.06940476442797028
0 0.34746743598271657 0.26281988149619495 0.02871587334017516 0.10254464664195542
0 0.2551844872123805 0.2496328899337154 0.023792024004105093 0.061755955534962936
0 0.2815606348512484 0.21667405699409087 0.019095433645025483 0.06002976442797028
0 0.3387833032727675 0.3818972637101801 0.020776108313060603 0.08039682813030105
0 0.277595818398078 0.3410564981010834 0.016061337235821684 0.07554563702330856
0 0.2573424057320955 0.35192207623138455 0.03172269867214013 0.08234127404661713
0 0.2562616947633153 0.43478913993371543 0.02542724687674198 0.0743105192372937
0 0.40625 0.8859375 0.090625 0.228125
0 0.5015625 0.91015625 0.071875 0.1796875
0 0.28984375 0.8890625 0.0890625 0.221875
0 0.16953125 0.95078125 0.0703125 0.0984375
0 0.16369135792027706 0.8101165221477006 0.05571471057599684 0.17847222958158
0 0.19360105083688053 0.7129587799522489 0.05091812626704133 0.1595585384745874
0 0.4446822826865079 0.7557638057281466 0.06683401775758924 0.21010417549789598
0 0.10859375 0.921875 0.0703125 0.15625
2 0.8371708062978296 0.6599106471052916 0.07098518657189175 0.11808036660488845