0 0.3899693676725735 0.09356403855940539 0.0489357526208936 0.13110615626060226
0 0.3716138980527884 0.40316472785229945 0.05897208667404978 0.11742560217691818
0 0.2931840052417873 0.11590777531256151 0.047133420727205874 0.10298115626060227
0 0.3243140892949434 0.10296383121034403 0.03922079117755661 0.10114583774894799
0 0.35647574722222286 0.09395341895929202 0.05186049352159507 0.12809028366526398
0 0.3972659376891855 0.35339290634542025 0.030467552436323507 0.06186508293962447
0 0.4328331978682183 0.3367064033501954 0.036656995681063266 0.08546627404661714
0 0.47087341841085406 0.370773868503805 0.031068329734219448 0.07124008293962447
0 0.4234375 0.49296875 0.034375 0.0734375
0 0.7851337823827997 0.40750997667117306 0.03353199568106326 0.08535714664195523
2 0.7108241972499094 0.43999260525696116 0.0405434592838688 0.07312996515360978
2 0.7991660040051697 0.4196925181409853 0.02986677513842757 0.05249008293962447
0 0.29375 0.753125 0.20625 0.446875
0 0.02421875 0.734375 0.0484375 0.409375
0 0.02734375 0.57734375 0.0546875 0.0953125
0 0.54296875 0.85 0.1078125 0.3
0 0.615625 0.8671875 0.121875 0.265625
0 0.6734375 0.91484375 0.090625 0.1703125
0 0.75625 0.8484375 0.1125 0.303125
0 0.7761838772332975 0.7895065434535468 0.11327526218161772 0.3079613221398514