0 0.04898529737732358 0.14248334136958155 0.055234133875769406 0.13166117688202617
0 0.14375 0.50078125 0.05 0.0359375
0 0.0234375 0.45546875 0.046875 0.1171875
0 0.021875 0.146875 0.04375 0.128125
0 0.04394483604821988 0.40228942289051234 0.03452548620519007 0.06377333992388792
0 0.08016561906490667 0.38054441547613854 0.04192190637700657 0.08590300790866542
0 0.11689101311744139 0.408672074069376 0.03493492198083885 0.07158583992388792
0 0.06328125 0.51015625 0.0390625 0.0171875
0 0.46796875 0.03359375 0.0953125 0.0671875
0 0.54921875 0.04453125 0.1265625 0.0890625
0 0.50859375 0.02578125 0.0984375 0.0515625
2 0.6955715338096563 0.17481438581864336 0.09478795680654795 0.1426278517868859
0 0.3028292203125 0.51875 0.3440324421875 0.7330118640625 0.3499951953125 0.742583953125 0.3541003140625 0.7428184468750001 0.3871221078125 0.7333632031249999 0.390346559375 0.716930728125 0.36743966875 0.589546578125 0.3586314859375 0.51875 0.3028292203125 0.51875
0 0.0390625 0.6296875 0.078125 0.221875
0 0.07421875 0.57578125 0.1421875 0.1140625
0 0.8140625 0.72265625 0.25625 0.4078125
0 0.48828125 0.759375 0.1390625 0.48125
0 0.50234375 0.72578125 0.1671875 0.4140625
0 0.5609375 0.609375 0.109375 0.18125