0 0.25351238878439286 0.20042928369405527 0.059109697642272786 0.14965916327441153
0 0.04652626524867713 0.3806136714150119 0.05611203163466154 0.1526203889641522
0 0.728125 0.50703125 0.028125 0.0640625
0 0.7734375 0.51328125 0.021875 0.0515625
0 0.78984375 0.52578125 0.0171875 0.0265625
0 0.70390625 0.5125 0.0265625 0.053125
0 0.65703125 0.52578125 0.0203125 0.0265625
2 0.6891276007239406 0.3795734718445532 0.024294345855386902 0.06052142017181659
2 0.7800709357049126 0.37651042684207886 0.020723676882026164 0.049420145861557074
0 0.7667406061611481 0.35780469244591107 0.025758686767857954 0.09645892017181659
0 0.35703125 0.9625 0.0171875 0.075
2 0.28046875 0.96953125 0.0328125 0.0609375
2 0.36976744707361914 0.965617192445911 0.017535009885831697 0.04769387155129756
0 0.6394856753619703 0.8103365502023987 0.05004771543676991 0.2333790660333735
0 0.7487983028520188 0.6062432717082678 0.04090352570316256 0.1237584045679843
0 0.66953125 0.571875 0.0328125 0.065625
0 0.7568230725865013 0.9088703047249546 0.03634335969555132 0.12663774310259512
0 0.7984375 0.93359375 0.04375 0.1328125