0 0.2268281379905864 0.41856183291754545 0.08082508035608367 0.1583262303552928
0 0.01640625 0.5546875 0.0328125 0.15
0 0.6234375 0.075 0.103125 0.15
0 0.67734375 0.0890625 0.0953125 0.178125
0 0.5125 0.3015625 0.025 0.29375
0 0.7314707735422457 0.3004304170779453 0.061003504057189774 0.18550516046291676
0 0.5 0.6296875 0.49649750625 0.6296875 0.494442909375 0.6381663750000001 0.444404209375 0.8860730374999999 0.44611885156250003 0.8977829671875 0.44968886250000006 0.8999970078124999 0.48267042499999996 0.9073713859375001 0.4917221109375 0.8938212515625 0.5 0.8551569656249999 0.5 0.6296875
0 0 0.6296875 0 0.9821773359374999 0.0073217734375 0.963906928125 0.0281765125 0.869462534375 0.052200143750000004 0.7219255578125 0.059581735937500005 0.65136925 0.0628433328125 0.6296875 0 0.6296875
0 0.21328125 0.7 0.1296875 0.140625
0 0.6921875 0.7 0.0625 0.140625
0 0.890625 0.7140625 0.08125 0.16875
0 0.8609375 0.71640625 0.084375 0.1734375