0 0.84921875 0.075 0.0484375 0.15
0 0.9640625 0.0421875 0.05 0.084375
0 0.756179237356957 0.1766600289185572 0.05472467766703613 0.15057382697140156
0 0.02265625 0.38984375 0.0453125 0.1203125
2 0.0421875 0.5484375 0.084375 0.1625
2 0.1279948781653733 0.6728657360358606 0.09957610271317882 0.1713326081851685
0 0.56328125 0.3921875 0.0609375 0.125
0 0.5070920928479129 0.5624533630169605 0.07415460055371045 0.21122428454774678
0 0.6252808883444062 0.5372624311943703 0.07934035317460406 0.34065669303247786
0 0.7426989258213349 0.536226476492963 0.07777785317460406 0.34052914727484324
0 0.6921875 0.37578125 0.0625 0.0921875
0 0.84375 0.38828125 0.0625 0.1171875
0 0.8319721769010691 0.5499225725501599 0.07163037785160639 0.22034419303247788
0 0.8907452020394967 0.49383219815413393 0.06738296884459274 0.2510840100019397
0 0.4708727930324831 0.49701955271545833 0.07122985965300899 0.21409419303247787