0 0.264328128125 0 0.26208852031249996 0.0257554796875 0.2669581703125 0.0321130296875 0.28134696875 0.033738515625 0.2877335921875 0.029714143749999998 0.2923830890625 0.0186245265625 0.29325098125000004 0 0.264328128125 0
0 0.16494817343749998 0 0.162415121875 0.03622654375 0.1576440484375 0.0499251390625 0.166433734375 0.0608469359375 0.17752790624999998 0.0666587515625 0.19034168125 0.057740353125 0.19598131875 0.04757438125 0.1997856890625 0 0.16494817343749998 0
0 0.045852235739906086 0.12530750172928046 0.043200854752635465 0.10292659255827133
0 0.10466616163334903 0.16706592659420433 0.03462435079830275 0.08390377404661713
0 0.0484375 0.5171875 0.08125 0.315625
0 0.08586449311709883 0.5256025905745368 0.061656377490048445 0.21123016587924912
0 0.589400669999125 0.6796304139803325 0.11068010380123336 0.49535219473518965
0 0.5723113290866539 0.6442385510036411 0.057183736197016624 0.331215283665264
0 0.6428585924325269 0.7051462799522489 0.10745694471370433 0.5311260036281971
0 0.8905493345238614 0.6589433694304774 0.10978876585451189 0.4734771947351895
0 0.96484375 0.70234375 0.0703125 0.4671875
0 0.7166568952845456 0.5578322811333752 0.05372186068413463 0.13137897477225646