0 0.34140625 0.05 0.1046875 0.1
0 0.36933247455703067 0.2871877084342742 0.08501295496493207 0.15974318114108108
0 0.6015625 0.24609375 0.165625 0.4078125
0 0.7223246715023983 0.2641398143062957 0.12176768506829169 0.368647300247669
0 0.846875 0.22890625 0.165625 0.4421875
0 0.7884991864617931 0.1974831612869771 0.10708581893687778 0.2853981526050339
0 0.159499409375 1 0.1279122546875 0.7969950203125 0.110092778125 0.644023453125 0.1001522203125 0.63271036875 0.0835055984375 0.632048715625 0.04770371875 0.6436357453125 0.026193346875000002 0.670173784375 0.050537162499999996 0.7257966453125 0.062585309375 0.7843957765624999 0.0812455265625 0.8952978999999999 0.0929019875 1 0.159499409375 1
0 0.09735210625 1 0.0856890640625 0.9068443937499999 0.0599248703125 0.760487021875 0.023480685937500002 0.6812397109375 0.0234911296875 0.6742447734375 0.03035071875 0.6649723625 0.0197260828125 0.5908046812500001 0.0038679812500000002 0.583048265625 0 0.5829005453125 0 0.914467421875 0.0028643171875000002 0.9426478781250001 0.0150106765625 1 0.09735210625 1
0 0.24921875 0.83046875 0.1390625 0.3390625
0 0.32100080583240953 0.75169751054397 0.09837215299003396 0.2709717795695045
0 0.6234375 0.63046875 0.134375 0.3609375
0 0.72734375 0.65625 0.1609375 0.4125
0 0.775 0.628125 0.125 0.35625
0 0.56328125 0.5859375 0.0890625 0.271875