0 0.48125 0.371875 0.0328125 0.06875
0 0.7046875 0.3796875 0.03828125 0.075
0 0.7061855671874999 0.62228024375 0.721649484375 0.6301131421874999 0.736082475 0.6205396000000001 0.7412371140625 0.5987815484375 0.7402061859375 0.570060921875 0.732989690625 0.5604873796875001 0.7175257734375 0.5578764140625 0.7020618562500001 0.56744995625 0.69793814375 0.60400348125 0.7061855671874999 0.62228024375
0 0.63794540625 0.655887609375 0.63588355 0.5383941359375 0.6307289109374999 0.5349128484375 0.61732685 0.5383941359375 0.6039247875 0.5497083234375 0.6070175718749999 0.655887609375 0.614234065625 0.6637205078124999 0.62454334375 0.6645908296874999 0.63794540625 0.655887609375
0 0.5391752578125 0.6327241078125 0.54329896875 0.621409921875 0.54329896875 0.5778938203124999 0.5391752578125 0.5691906 0.5288659796874999 0.564838990625 0.519587628125 0.570060921875 0.5154639171875 0.5787641421874999 0.5134020625 0.6301131421874999 0.5185567015625 0.6362053953125 0.532989690625 0.63707571875 0.5391752578125 0.6327241078125
0 0.430927834375 0.6753698875 0.44329896875 0.6657963453125 0.4484536078125 0.6553524796875 0.4515463921875 0.562228025 0.4494845359375 0.551784159375 0.44329896875 0.544821584375 0.42474226875000004 0.550043515625 0.4164948453125 0.5570060921875 0.41443298906250003 0.6457789375 0.410309278125 0.659704090625 0.41958762812500006 0.6701479546875 0.430927834375 0.6753698875
0 0.6546875 0.53359375 0.0203125 0.0875
0 0.6890625 0.503125 0.01875 0.07734375
0 0.24140625 0.6890625 0.028125 0.06484375
0 0.30234375 0.740625 0.03046875 0.1
0 0.36328125 0.7796875 0.02421875 0.08125
0 0.65078125 0.8203125 0.03046875 0.10546875
0 0.7078125 0.70234375 0.03828125 0.09609375
0 0.2859375 0.44921875 0.04765625 0.07890625
0 0.35625 0.5640625 0.03046875 0.11640625