0 0.0640625 0.06640625 0.071875 0.1328125
0 0.596626305755174 0.2917064165970393 0.10160409327423636 0.27364088584218216
0 0.4843094501318406 0.3627232663268868 0.05919708130638899 0.19565972958157998
0 0.7276230390376739 0.3524852038905003 0.11072452013597242 0.2630307680561674
0 0.26484375 0.525 0.0578125 0.03125
0 0.203125 0.54921875 0.05625 0.0796875
2 0.07265625 0.6875 0.1453125 0.215625
2 0.03203125 0.88203125 0.0640625 0.2359375
2 0.37421875 0.77890625 0.1109375 0.3359375
0 0.6158140232701045 0.60447425670824 0.04575152393569457 0.15459821996293305
0 0.646875 0.53828125 0.0625 0.0578125
2 0.693196100492431 0.7094370644201211 0.07467399810013901 0.055689494009550346
2 0.6709567713702433 0.6594817044386545 0.05239895459715278 0.03773810217691818