0 0.41875 0.2940550375 0.41365373125 0.2963668953125 0.38669853593750003 0.381355425 0.3788218171875 0.393659878125 0.3847911578125 0.40623169375 0.394209140625 0.414328653125 0.40877948281250004 0.40844660624999996 0.416666503125 0.39977551093749997 0.41875 0.393425334375 0.41875 0.2940550375
0 0.20808321694310955 0.37641662547570104 0.04892088479802066 0.0722225098858317
0 0.25224840558119616 0.4426663665784525 0.06242109514371963 0.1071068458553869
0 0.2999561313663014 0.496256940190718 0.05089256175762476 0.08634867688202626
0 0.31826088433580224 0.1576109342592189 0.07290395407749291 0.09192751482874754
0 0.3540883872387961 0.2867745108372339 0.06912573620994644 0.12298651384016442
0 0.6737476693712497 0.17438330429771245 0.14792800079142285 0.3103538626613009
0 0.761065812944759 0.16456795251082657 0.14310410847155489 0.30547536167271777
0 0.846100042490788 0.18378618471632943 0.10407504922121244 0.1977610207602467
0 0.54609375 0.1328125 0.1484375 0.265625
0 0.55390625 0.059375 0.1078125 0.11875
0 0.588696719450392 0.20835373908840396 0.09956940564770314 0.2038200197716634
2 0.27262309006264773 0.6733884900769873 0.0902733105039836 0.09887785178688588
2 0.12536530832590548 0.8006261052097461 0.103000631037097 0.10719968775644109
0 0.792484331353666 0.7958590562748789 0.12919472116625172 0.25652852570316254
0 0.8411718839400908 0.8024791293928526 0.1326834340192331 0.26915585969555134
0 0.9173766827655919 0.840829363575522 0.11825722116625173 0.2560828567298018
2 0.72734375 0.9765625 0.0578125 0.046875