0 0.33046875 0.1671875 0.0984375 0.334375
0 0.09577318006533501 0.20597613399378406 0.1656538464801595 0.29575776385373886
0 0.85 0.11015625 0.21875 0.2203125
0 0.44372819583688194 0.25765629631872755 0.10308206888575774 0.25080482878371624
0 0.6234375 0.353125 0.1125 0.2125
0 0.5515625 0.4140625 0.096875 0.090625
2 0.9421875 0.1859375 0.115625 0.159375
0 0.5437030398182416 0.7512052049196175 0.026706055188803292 0.08532106989237623
0 0.52578125 0.92578125 0.0546875 0.1484375
0 0.54375 0.94140625 0.046875 0.1171875
0 0.48125 0.93828125 0.040625 0.1234375
0 0.45703125 0.9296875 0.0453125 0.140625
0 0.40625 0.934375 0.053125 0.13125
2 0.46624089064807867 0.7491653618678775 0.04102866431701004 0.06886131596343467
2 0.5556585881585677 0.7486260144729113 0.023864475104890738 0.04782106989237604