0 0.48203125 0.1640625 0.0140625 0.0875
0 0.9375 0.04765625 0.121875 0.0953125
0 0.96171875 0.05390625 0.0765625 0.1078125
0 0.8957129919327201 0.3232049740610881 0.07660965756743252 0.16954997867599958
2 0.886581932793711 0.16068679272754266 0.05767125889134021 0.06469884667409058
2 0.944088371792675 0.20508223006840592 0.05505568114108108 0.07559998400699967
0 0.3984375 0.5140625 0.121875 0.128125
0 0.3734933895753553 0.6854413447246792 0.0780266083532208 0.16644316000954512
0 0.4453125 0.721875 0.0875 0.175
0 0.865625 0.521875 0.10625 0.14375
0 0.92890625 0.5734375 0.1359375 0.246875
0 0.95546875 0.61015625 0.0890625 0.3203125
0 0.984375 0.66171875 0.03125 0.2140625