0 0.0234375 0.240625 0.046875 0.296875
0 0.2328125 0.2921875 0.071875 0.19375
0 0.3453125 0.2671875 0.046875 0.24375
0 0.5288543122497579 0.15 0.023928379390299348 0.084375
0 0.56484375 0.31875 0.0484375 0.140625
0 0.58984375 0.33125 0.0421875 0.115625
0 0.52421875 0.33671875 0.0359375 0.1046875
0 0.49609375 0.33046875 0.0390625 0.1171875
0 0.4546875 0.34140625 0.05 0.0953125
2 0.4547355561996337 0.1671875 0.03789997579950315 0.06875
2 0.5405412459929793 0.14453125 0.022156801131468028 0.0484375
0 0.1859375 0.46953125 0.0875 0.1609375
0 0.0453125 0.46484375 0.090625 0.1515625
0 0.303125 0.4984375 0.09375 0.21875
0 0.92421875 0.4296875 0.1328125 0.08125
0 0.6110623033709632 0.65390625 0.10593287919390768 0.2140625