0 0.0125 0.1484375 0.025 0.128125
0 0.0375 0.1484375 0.075 0.1875
0 0.07614471144525617 0.16256170987155513 0.07843270060802218 0.16680460485118864
0 0.13083487003849364 0.20543460714639838 0.09169670456235508 0.18657497091226496
0 0.6496963220922096 0.3422177747149851 0.08152320851668762 0.20443215060882308
0 0.73046875 0.3875 0.0640625 0.14375
0 0.7640625 0.3734375 0.078125 0.171875
0 0.80078125 0.3765625 0.0765625 0.165625
0 0.6999509900769872 0.3400492389592902 0.06641286167271758 0.13934928454774678
0 0.1015625 0.81328125 0.203125 0.3734375
0 0.29921875 0.87265625 0.1765625 0.2546875
0 0.190625 0.8015625 0.2 0.396875
0 0.471875 0.7328125 0.084375 0.534375
0 0.7875 0.77578125 0.24375 0.4484375