0 0.015625 0.28984375 0.03125 0.3234375
0 0.03203125 0.253125 0.0640625 0.215625
0 0.61015625 0.03984375 0.0609375 0.0796875
0 0.70234375 0.025 0.0609375 0.05
0 0.3571175809708371 0.15099887080669103 0.10268011875230769 0.21768729991529545
0 0.8251387908730148 0.299803722985769 0.04404799352159507 0.1286556210184525
0 0.9363302074381675 0.4858538860270092 0.0547246776670363 0.14951415258848363
0 0.9125 0.57109375 0.05 0.0953125
0 0.2832237962716856 0.3741031708631607 0.061335623071244336 0.13121917889684287
0 0.0359375 0.91640625 0.071875 0.1671875
0 0.55390625 0.6875 0.0609375 0.1375
0 0.64609375 0.67265625 0.0609375 0.1078125
0 0.30078125 0.8265625 0.1015625 0.21875
0 0.76796875 0.95546875 0.0453125 0.0890625