0 0.3203125 0.06796875 0.090625 0.1359375
0 0.43515625 0.0875 0.1078125 0.175
0 0.2734375 0.03515625 0.0875 0.0703125
0 0.20903076364828982 0.6956033008391257 0.0803230787839034 0.177202962657336
0 0.21796875 0.88828125 0.1171875 0.2234375
0 0.3700530216819719 0.8545433608018138 0.09080555247554419 0.17021925684847722
0 0.4671875 0.89921875 0.08125 0.2015625
0 0.3582109872693434 0.6402081736642871 0.07665204721387227 0.16759116431700996
0 0.15354879016841058 0.9071910736596426 0.08419153142885669 0.1634956601678251
0 0.16418099523243831 0.6976976744894795 0.06974959983059073 0.1826241684661948
0 0.4557615504799927 0.7033136701398021 0.10090859456891899 0.18342965186945542
0 0.753286810791575 0.5397667753193165 0.11836765230613491 0.34964664772027054
0 0.7169629029414194 0.5840961931608115 0.11807922596954086 0.37140324855010753
0 0.907193060791575 0.5514290935803745 0.13468987329635257 0.4162188410815748
0 0.8300250740869289 0.6907507800932013 0.09987525753957191 0.37935745850815117