0 0.41953125 0.3046875 0.0890625 0.309375
0 0.53125 0.2828125 0.090625 0.353125
0 0.61171875 0.26953125 0.0359375 0.2234375
0 0.53359375 0.09452317062489098 0.071875 0.18802884890464328
0 0.309375 0.3640625 0.065625 0.190625
0 0.26875 0.1922857545523465 0.0640625 0.18623902837152997
0 0.29296875 0.1039279482049981 0.0640625 0.18780152837152997
0 0.24609375 0.3416265250063176 0.0703125 0.22079588479802065
0 0.8875 0.1125 0.103125 0.225
0 0.93125 0.08515625 0.06875 0.1703125
0 0.0296875 0.57734375 0.059375 0.2109375
0 0.225 0.62109375 0.0875 0.3234375
0 0.12890625 0.60625 0.0859375 0.29375
0 0.30546875 0.6452793400626478 0.0734375 0.21151181301126593
0 0.3328125 0.50234375 0.075 0.0859375
0 0.7543510609374999 0.459375 0.7620391765625 0.55807759375 0.7914634484375 0.8113963203125 0.796694684375 0.822100771875 0.80074108125 0.8231209937500001 0.8340844281249999 0.8199971390625 0.8384259500000001 0.80419788125 0.8246722468750001 0.6725511078124999 0.8188854750000001 0.5611477203125 0.8083326609375 0.459375 0.7543510609374999 0.459375