0 0.06953125 0.15 0.0796875 0.3
0 0.009375 0.1390625 0.01875 0.2
0 0.2359375 0.15234375 0.090625 0.3046875
0 0.14625119519220747 0.11898959257336754 0.04283162822814397 0.167445105233437
0 0.27836420868586076 0.16855841111627595 0.06696825075630457 0.22331567363517096
2 0.16532253134990754 0.42537610046587526 0.08450567599857095 0.14030575256024883
0 0.03647735744502354 0.1308742135212329 0.06653120818165767 0.21706567363517104
0 0.17281369519220746 0.11744250312494611 0.0570033888718056 0.16982665258848365
0 0.6578125 0.05703125 0.0375 0.1140625
2 0.7663730350330784 0.07886512151256272 0.035183383171822416 0.05807010523343701
2 0.056947302637231 0.6258010346949773 0.08308528763096845 0.11999325256024881
0 0.7096309981584146 0.6956731899142967 0.09707065001967052 0.31999325256024874
2 0.8280314368943342 0.6613220347655644 0.07797145273377612 0.18038472099021766
2 0.5453125 0.59375 0.115625 0.15
2 0.5053587613999664 0.6910976239316371 0.09683071337743776 0.18303928413027987