0 0.43984375 0.30078125 0.0984375 0.1921875
0 0.46796875 0.30546875 0.0421875 0.2796875
0 0.3767261838761661 0.2582455679503659 0.1476309471009328 0.28277723201781735
0 0.515625 0.12265625 0.053125 0.2453125
0 0.53984375 0.27734375 0.1015625 0.3359375
0 0.6217719153191401 0.3183916325986849 0.23658557323988277 0.46962379869508963
0 0.7430245600151161 0.3599786012492311 0.17387419966118162 0.3580317706874535
0 0.8625 0.38515625 0.23125 0.4296875
0 0.8556764784592025 0.3344326139004137 0.15083154181102607 0.3109204133513629
0 0.12578125 0.8 0.2515625 0.4
0 0.190625 0.8 0.371875 0.4
0 0.3765625 0.8 0.225 0.4
0 0.33515625 0.8 0.2453125 0.4
0 0.927850526167185 0.6787547785646411 0.04877069994353036 0.05990225867281791
0 0.843597352532014 0.6281377079090043 0.037196163111827295 0.048837489337999786
0 0.8176109761813024 0.6651837219128222 0.037196163111827295 0.048837489337999786