0 0.4351704203228384 0.30258206004176513 0.11485869395056163 0.29951191818411543
0 0.39210633334949724 0.2046841176427548 0.08571358576539315 0.20981292069139795
0 0.503125 0.37109375 0.053125 0.2046875
0 0.70546875 0.4796875 0.1203125 0.3
0 0.60703125 0.46640625 0.1203125 0.3265625
0 0.7890625 0.52734375 0.09375 0.2046875
0 0.7960606386500295 0.3225692657686106 0.09754390606883483 0.22106866943775677
0 0.79296875 0.72109375 0.1671875 0.1828125
0 0.65859375 0.73984375 0.1421875 0.2203125
0 0.80078125 0.9703125 0.1515625 0.059375
0 0.6250305325908928 0.8255659528238516 0.14770314485894728 0.2817621285298145