0 0.446646505198092 0.3322227640219525 0.08835764067130061 0.30343926051544956
0 0.48125 0.36953125 0.0375 0.2890625
0 0.38780337884844585 0.2905985080290588 0.06685930373891083 0.18403416327441152
0 0.9703125 0.42578125 0.059375 0.3359375
0 0.8734375 0.40390625 0.15 0.5109375
0 0.7560215051980921 0.4013556235874624 0.10320231328668043 0.3555749706013579
0 0.5720483242843425 0.3749170335825136 0.12316146100695091 0.4546675678423959
0 0.7127082904661635 0.33695560888814136 0.11084979254075603 0.39488313206674713
0 0.6628266896363266 0.3411384978522934 0.09768601909553923 0.3443918091359686
0 0.98671875 0.34375 0.0265625 0.409375
0 0.10390625 0.7203125 0.1734375 0.121875
0 0.3046875 0.70859375 0.13125 0.0984375
0 0.42734375 0.7765625 0.1453125 0.234375