0 0.221875 0.32890625 0.121875 0.6203125
0 0.0109375 0.1328125 0.021875 0.265625
0 0.121875 0.221875 0.1 0.44375
0 0.0852299716255022 0.344454974464957 0.08206467321164794 0.4984207796251711
0 0.37265625 0.28203125 0.0984375 0.5640625
0 0.5 0.3078125 0.059375 0.475
0 0.8515625 0.38828125 0.103125 0.5015625
0 0.5690189556287251 0.3800311101209074 0.06577327332458757 0.3793979949854351
0 0.815625 0.4265625 0.053125 0.425
0 0.34921875 0.76328125 0.0453125 0.2484375
0 0.30078125 0.9140625 0.0546875 0.171875
0 0.14921875 0.96484375 0.0484375 0.0703125
0 0.19140625 0.77890625 0.0578125 0.2796875
2 0.5428905531814159 0.8998040525199178 0.01624662628012441 0.03790917695960409