0 0.04296875 0.08828125 0.0859375 0.1765625
0 0.12109375 0.121875 0.1328125 0.24375
0 0.1953125 0.1453125 0.140625 0.290625
0 0.20234375 0.02421875 0.0640625 0.0484375
0 0.24412412727791716 0.14925877471839274 0.10036759517409735 0.22385239926336578
0 0.325 0.1078125 0.13125 0.215625
0 0.35703125 0.07109375 0.1328125 0.1421875
0 0.21875 0.6375 0.13125 0.25625
0 0.07265625 0.65078125 0.1453125 0.2828125
0 0.340625 0.653125 0.14375 0.2875
0 0.47526110524208354 0.6515860992240249 0.11846428495361146 0.2641167663436449
0 0.03984375 0.8890625 0.0796875 0.221875
0 0.56953125 0.8046875 0.1671875 0.390625
0 0.73984375 0.59453125 0.1046875 0.1703125
0 0.7246318577106255 0.8701936236134415 0.08448802203583358 0.21182229282674853
0 0.8265534611497574 0.6431780195226127 0.07641964247680555 0.13326025025210148
0 0.9015560739912853 0.7725270299141729 0.10556424145062522 0.24605518119435105
0 0.8769379336986811 0.7906814502127606 0.10883471181534751 0.2525237024816745