0 0 0.10970944062500002 0.0074770406250000004 0.13814548124999998 0.028256037499999997 0.2372539890625 0.0374482 0.264705396875 0.0462071640625 0.269756240625 0.05416213125 0.2680674140625 0.06769995 0.2515081421875 0.0344955109375 0.12197622187499998 0.0188315453125 0.03357005625 0.0100725828125 0.0285192140625 0 0.030042545312500002 0 0.10970944062500002
0 0.13092536875 0.2925448203125 0.080870915625 0.0487379359375 0.03923040625 0.057125312500000004 0.084361671875 0.2730713640625 0.13092536875 0.2925448203125
0 0.1584435933548159 0.2178276240513391 0.12286873788898109 0.2157452444009227
0 0.22165649283643613 0.2138137076597367 0.10812273270518488 0.20686715186945542
0 0.21875 0.1234375 0.128125 0.246875
0 0.24609375 0.0984375 0.1296875 0.196875
0 0.27890625 0.06015625 0.1078125 0.1203125
0 0.18046875 0.653125 0.1640625 0.146875
0 0.2609375 0.62265625 0.1625 0.0859375
0 0.11484375 0.66796875 0.1203125 0.1765625
0 0.05859375 0.66484375 0.1171875 0.1703125
0 0.80859375 0.6984375 0.2515625 0.2375
0 0.684375 0.68125 0.165625 0.203125
0 0.58359375 0.7390625 0.2078125 0.31875
0 0.503125 0.71796875 0.046875 0.2765625