0 0.1734375 0.40078125 0.175 0.3765625
0 0.453125 0.4078125 0.153125 0.3625
0 0.05078125 0.4546875 0.1015625 0.26875
0 0.2546875 0.3828125 0.115625 0.4125
0 0.50078125 0.3734375 0.0578125 0.43125
0 0.61953125 0.415625 0.1390625 0.346875
0 0.71796875 0.325 0.2421875 0.528125
0 0.9109375 0.37265625 0.178125 0.4328125
0 0.98359375 0.3921875 0.0328125 0.39375
0 0.0609375 0.6265625 0.1 0.075
0 0.81171875 0.6484375 0.0359375 0.11875
0 0.8335915661308844 0.6657982154267709 0.03675659084927716 0.1242558539192082
0 0.7753584490506052 0.6502701553184987 0.03410148441265974 0.10858538981258548
0 0.7573732735562373 0.661753224597971 0.03610102698730664 0.11488085391920819
0 0.7164258454639795 0.6919097375300947 0.031883420550689226 0.09916492570596294
2 0.8233256915090367 0.7764773026529317 0.03652736188449914 0.05407974623907634
2 0.8244454311174765 0.8484659629194884 0.029403276735204997 0.04139788981258548
2 0.8437856569801614 0.7891902513201483 0.030856516091543364 0.03988085391920819