0 0.07421875 0.2 0.1453125 0.3375
0 0.04453125 0.2359375 0.0796875 0.265625
0 0.1234375 0.20546875 0.14375 0.3265625
0 0.37265625 0.1921875 0.1421875 0.353125
0 0.4640625 0.19140625 0.13125 0.3546875
0 0.5015625 0.23984375 0.05625 0.2578125
0 0.183452452927302 0.21559647093340314 0.06389444198043534 0.1325592332825
0 0.2975751370858168 0.16349106990722265 0.09019787869919896 0.26268314437666673
0 0.6661613265625 0 0.6680678125 0.051074421875 0.6872215625 0.3037723203125 0.6920269765625 0.3143576796875 0.696040065625 0.315283940625 0.729579190625 0.3113828875 0.7345739421874999 0.295478525 0.7261608640625 0.1641185828125 0.7249054875 0.0528216546875 0.7215641359375 0 0.6661613265625 0
0 0.3199759689240791 0.7405958177230212 0.1435482047816791 0.5089048341561806
0 0.2675180978350394 0.7010417020317016 0.14567214690328872 0.49179006933854164
0 0.2425936925451327 0.6722984529816322 0.07859252076433876 0.3045433360560418
0 0.50546875 0.625 0.0484375 0.45625
0 0.48125 0.5953125 0.096875 0.359375
0 0.370816674058694 0.6064396764804865 0.0605874314570916 0.12936149810013903
0 0.6140074190087838 0.6984251950978475 0.10925171558737148 0.21475479065319442
0 0.618003216222656 0.5357979085287156 0.07298101564384121 0.15461607123840276
2 0.5703125 0.95703125 0.08125 0.0859375
2 0.753125 0.925 0.1625 0.15