0 0.15 0.171875 0.20625 0.34375
0 0.11171875 0.1390625 0.2046875 0.278125
0 0.0953125 0.071875 0.115625 0.14375
0 0.4 0.15859375 0.190625 0.3171875
0 0.35 0.10703125 0.153125 0.2140625
0 0.5 0.2078125 0.059375 0.328125
0 0.23515625 0.028125 0.0765625 0.05625
0 0.46640625 0.203125 0.1265625 0.40625
0 0.628125 0.1265625 0.175 0.253125
0 0.7715917165282409 0.24874419005703602 0.16724087137320148 0.3549006964186109
0 0.8960317095884106 0.21457282455291543 0.1261967643410859 0.27206907257314794
0 0.5609375 0.153125 0.0625 0.30625
0 0.4296875 0.45625 0.046875 0.034375
0 0.84609375 0.546875 0.1953125 0.215625
0 0.69375 0.58203125 0.18125 0.2859375