0 0.31796875 0.39765625 0.0765625 0.1421875
0 0.3609375 0.37265625 0.05625 0.1921875
0 0.23046875 0.35390625 0.1078125 0.2296875
0 0.4625 0.209375 0.146875 0.41875
0 0.6765625 0.234375 0.25625 0.46875
0 0.94609375 0.184375 0.1078125 0.36875
0 0.4734375 0.05625 0.165625 0.1125
0 0.59296875 0.1046875 0.1984375 0.209375
0 0.828125 0.2015625 0.2125 0.403125
0 0.37109375 0.7359375 0.0359375 0.290625
0 0.32471547952672336 0.7390625 0.09198210049533806 0.196875
0 0.27098901199171205 0.709375 0.11502580231458363 0.2890625
0 0.3625 0.6953125 0.053125 0.178125
2 0.3609375 0.96171875 0.05625 0.0765625
0 0.8320442901134746 0.87890625 0.09001718610347993 0.1546875
0 0.8701969917278323 0.57421875 0.0650514193542568 0.121875
0 0.789366522745079 0.6 0.06697779238978611 0.1296875
0 0.6466075961521118 0.75546875 0.06065501778268043 0.128125
0 0.60234375 0.97734375 0.0828125 0.0453125
0 0.9796875 0.83203125 0.040625 0.1234375