0 0.1578125 0.06875 0.06875 0.1375
0 0.18125 0.021875 0.059375 0.04375
0 0.2 0.1546875 0.109375 0.309375
0 0.3078125 0.15625 0.021875 0.30625
0 0.78125 0.01171875 0.03125 0.0234375
0 0.1828125 0.909375 0.08125 0.18125
0 0.271875 0.89765625 0.084375 0.2046875
0 0.834375 0.79765625 0.178125 0.4046875
0 0.4140625 0.83125 0.190625 0.3375
0 0.36171875 0.79609375 0.0859375 0.4078125
0 0.49296875 0.85078125 0.1109375 0.2984375
0 0.5779768317342977 0.7975829397742121 0.07256577469461671 0.240722036286574