0 0.1453125 0.3078125 0.246875 0.5625
0 0.0359375 0.371875 0.071875 0.434375
0 0.34831745202864256 0.2369145971244925 0.14166969313279337 0.43566268086722193
0 0.034375 0.37421875 0.06875 0.4296875
0 0.19453125 0.284375 0.1859375 0.56875
0 0.6875 0.03515625 0.06875 0.0703125
0 0.5390625 0.04453125 0.090625 0.0890625
0 0.7374783436754216 0.18720570598421435 0.13024407981717356 0.1903501808672221
0 0.0375 0.63359375 0.065625 0.0890625
0 0.07265625 0.6203125 0.0796875 0.0625
2 0.15416288358400845 0.8640968540052324 0.1324957845319034 0.17187358294074037
0 0.7150234166681697 0.7177420979729643 0.055569411496373886 0.15736273213953691
0 0.8112947950803825 0.7723428321387515 0.060329686103479926 0.15933533524981466
0 0.8512262822601009 0.8170894041462515 0.06305657981717375 0.184472036286574
0 0.6758881420610638 0.7227221238919457 0.056185841603997845 0.1371869331762962
0 0.6535015657585469 0.769030487369816 0.048591665425315435 0.14119092799249994
0 0.6260229210113959 0.8912568018844457 0.050154165425315436 0.14132762902925916