0 0.0125 0.26015625 0.025 0.1734375
0 0.06610242659932127 0.4188311666505028 0.050765805378725305 0.338201372729036
0 0.08300121463241066 0.17393325483179195 0.04222495735199914 0.14081618969849793
0 0.17771208859804855 0.4190866449796335 0.049203305378725304 0.33807382697140154
0 0.1249699912874112 0.2563632464968422 0.054306786680453814 0.10589905575957417
0 0.23915121729791072 0.1697724290683384 0.038754512014635624 0.11087359818322877
0 0.2773046506206384 0.24470878512747504 0.04880222135581711 0.1694513727290361
0 0.27584050592777604 0.4376137622486578 0.05247266136218052 0.21658146424430508
0 0.3278939019335031 0.39121725224671816 0.05608855736790748 0.25902405575957416
0 0.7625279703125 0 0.755806715625 0.1206127171875 0.75128671875 0.3749069296875 0.755063678125 0.3856991765625 0.7589537671875 0.3867692015625 0.7925475171875 0.38402696718749996 0.798975290625 0.36823900625 0.802854353125 0.2361032421875 0.8119597484375 0.1243544015625 0.8157070921875 0 0.7625279703125 0
0 0.32265625 0.80546875 0.0546875 0.3515625
0 0.265625 0.7859375 0.040625 0.3125
0 0.503125 0.67890625 0.03125 0.0984375
0 0.55859375 0.76953125 0.0421875 0.2796875
0 0.60078125 0.78359375 0.0296875 0.3078125
0 0.73587395 0.6296875 0.729882946875 0.8490312265625001 0.73289481875 0.8584983562499999 0.743002584375 0.8618359765625 0.7734874953124999 0.8579599453125001 0.7783042859375 0.846466196875 0.78592324375 0.6296875 0.73587395 0.6296875