0 0.16235862984996272 0.3220247415229446 0.21580948574772804 0.44539819892376153
0 0.295770523423472 0.3220525126153938 0.19087167022917956 0.3927440798171736
0 0.3362160155059132 0.4067699609199827 0.15991117524374446 0.34761136228216233
0 0.421875 0.41015625 0.175 0.3984375
0 0.7271676244396864 0.4114253817219817 0.11537626207419391 0.21134422249741008
0 0.8415340013201483 0.4224826980997012 0.17043949828414034 0.3340582845319034
0 0.9359375 0.44921875 0.128125 0.3203125
0 0.9434184132360576 0.2726217851555851 0.10183058762187222 0.17482452564056317
0 0.8204726582214926 0.23465736642050072 0.10545569279472175 0.1921575748547749
0 0.9079021135526266 0.15256615033323148 0.06536423871722903 0.10134848428423426
0 0.7068611361181689 0.35853797622146366 0.1222627595669115 0.23351032092583343
0 0.45390625 0.709375 0.1109375 0.2
0 0.43515625 0.725 0.1390625 0.23125
0 0.23203125 0.78125 0.1734375 0.34375
0 0.28798545249464713 0.773814065758547 0.12942204169936505 0.26505141935425697
0 0.52890625 0.671875 0.0390625 0.084375
2 0.5320787818032493 0.6906740800265705 0.032613923198680436 0.048330492142117265