0 0.065625 0.2203125 0.13125 0.440625
0 0.14890645843427422 0.24216220855386875 0.15238456120592367 0.3586640286689121
0 0.26784054900481474 0.28443723326844816 0.20729900123834497 0.4997002055509382
0 0.2171875 0.14609375 0.134375 0.2921875
0 0.8544800622393811 0.400763934333581 0.08267987510244393 0.2014298488211365
0 0.9400023393276863 0.4455763686299809 0.06450776385373888 0.1461056788591925
0 0.96640625 0.43828125 0.0671875 0.1921875
0 0.98515625 0.44375 0.0296875 0.190625
0 0.9041889638109577 0.39655127821180153 0.06719611621110388 0.13685801285158128
2 0.8609375 0.5546875 0.05625 0.06875
0 0.36060162965055786 0.7509748399610688 0.08471325599585597 0.17811968281352525
0 0.423028855043452 0.7519590198088445 0.10597613399378396 0.2663200197716636
0 0.48828125 0.77890625 0.0421875 0.2515625
0 0.4719201193114756 0.7469332801889679 0.06189218610347993 0.15691584486680377
0 0.275 0.7171875 0.121875 0.25625
0 0.67734375 0.88671875 0.1296875 0.2265625
0 0.6372774838699495 0.8131883384781942 0.07519270678164425 0.17461268083635878
0 0.95703125 0.84375 0.0859375 0.3125
0 0.8453125 0.96015625 0.071875 0.0796875