0 0.0296875 0.075 0.059375 0.15
0 0.11796875 0.1109375 0.1703125 0.221875
0 0.234375 0.12265625 0.1625 0.2453125
0 0.332571184449983 0.13008773133560894 0.1198676187523077 0.21435460064862327
0 0.384375 0.09921875 0.11875 0.1984375
0 0.14453125 0.40625 0.1453125 0.175
0 0.3159961512919908 0.5166485685915514 0.14598763263196837 0.30533415665497754
0 0.45399679904023743 0.5220609971639215 0.15067513263196836 0.3054159772718286
0 0.7200061235326697 0.6107100344992942 0.22771490129199085 0.4846864659077429
0 0.6967793746124038 0.589998114044599 0.1359512985788122 0.3192057418823252
0 0.7573850100221493 0.6569850166423867 0.2345051218346267 0.5175807865245939
0 0.9484375 0.70546875 0.103125 0.4640625
0 0.8425925223606505 0.5952741749222173 0.0835110117201923 0.13412162986961632