0 0.4529925161957542 0.36283903213472846 0.1698211282237459 0.33190098933548207
0 0.34809152864330883 0.3454078794050705 0.1625055356922788 0.31747446828879455
0 0.5431448421304819 0.40310074011194086 0.12632939212119307 0.2095863735787013
0 0.3229344728298056 0.16874666886760936 0.07736982863401991 0.1382882262518895
0 0.389387344405567 0.12407193472321207 0.07223204274124875 0.11154371572854585
0 0.25559545270858114 0.3052826793203659 0.10447770290907385 0.18809080517696727
0 0.24134277594401646 0.26216971615206885 0.10327040041956295 0.19268729991529537
0 0.934375 0.1765625 0.13125 0.353125
0 0.86484375 0.12109375 0.1578125 0.2421875
0 0.7546875 0.1390625 0.23125 0.278125
0 0.67578125 0.08125 0.0734375 0.1625
0 0.3756156452446927 0.8408631345255679 0.09635662697434606 0.1425052893919517
0 0.5124061728390944 0.8752696846526249 0.07197193361304191 0.12864021046687385
0 0.220466203957981 0.8334209028002452 0.08279103444287887 0.1277147472985769
0 0.6046875 0.9390625 0.06875 0.121875
0 0.91875 0.803125 0.1625 0.39375
0 0.9171875 0.76953125 0.165625 0.4609375