0 0.01640625 0.2796875 0.0328125 0.2125
0 0.16640625 0.32421875 0.1171875 0.2515625
0 0.0859375 0.296875 0.115625 0.30625
0 0.23203125 0.3828125 0.0921875 0.134375
0 0.3288046934075828 0.23105509783645778 0.0950226502711466 0.22093205547083344
0 0.7527012565411035 0.24092171352777725 0.09921927088084707 0.13666615824437506
0 0.684032548891973 0.3628162037441315 0.08499314441741408 0.10821384992375016
0 0.51796875 0.346875 0.0359375 0.134375
0 0.5813893379231927 0.2824039647620482 0.08475679508134401 0.06758884992375007
0 0.32726840468749996 0.45 0.304157121875 0.5377033765625 0.24834004843750002 0.787256565625 0.249782853125 0.7989018640625 0.25330234687500003 0.800990346875 0.28612135781250003 0.8072100640625 0.295490590625 0.793349365625 0.32596393749999997 0.6640836531250001 0.3573298640625 0.5563093421875 0.382477915625 0.45 0.32726840468749996 0.45
0 0.0453125 0.56875 0.090625 0.2375
0 0.13203125 0.4953125 0.1015625 0.090625
0 0.68984375 0.54140625 0.0859375 0.1828125
0 0.81484375 0.56640625 0.1203125 0.2328125
0 0.9296875 0.5671875 0.1125 0.234375
0 0.98984375 0.5453125 0.0203125 0.190625
0 0.64609375 0.5109375 0.0765625 0.121875