0 0.14498983943118954 0.22003825645628786 0.07656619046151913 0.21051116510280768
0 0.3421875 0.29296875 0.075 0.3390625
0 0.2534418794731458 0.2462726105471167 0.08170582158505013 0.3398708831718224
0 0.525 0.02578125 0.075 0.0515625
0 0.571875 0.02890625 0.075 0.0578125
0 0.6578125 0.03828125 0.0625 0.0765625
0 0.5742647875663784 0.28668444309852054 0.045599610377606584 0.17104447351689647
2 0.5248064713799131 0.12624968765063888 0.04801237012586892 0.05930929802252862
2 0.5911185556130105 0.16041687404077 0.04427206348717298 0.07148151609154337
0 0.12890625 0.678125 0.0734375 0.078125
0 0.16796875 0.70859375 0.0734375 0.1390625
0 0.2578125 0.7234375 0.0625 0.16875
0 0.31640625 0.7234375 0.0859375 0.16875
0 0.36171875 0.7046875 0.0359375 0.13125
0 0.5460465444148558 0.8963436663633153 0.045599610377606584 0.17104447351689628
0 0.5611862923402633 0.9012878924781018 0.03828401784613931 0.1565449309422494
0 0.5040007543728995 0.8747528896281104 0.04512601369695446 0.16479447351689647
0 0.48409099607452977 0.8889028709386768 0.04273471950581324 0.15374771287323466
0 0.4459640340418936 0.9087729745253027 0.04668851369695446 0.1649037341605581
2 0.46256842573887946 0.7381926767548755 0.027344672615379827 0.053201409654926125
2 0.5402906840372491 0.7280853392597931 0.02722627344521662 0.051638909654926124