0 0.23338948860135256 0.4221629449893318 0.06851689212119308 0.20746155575957417
0 0.340625 0.409375 0.071875 0.31875
0 0.30907288237293085 0.23833033680416332 0.05104412697434615 0.14081618969849785
0 0.38203125 0.19296875 0.0359375 0.1609375
0 1 0 0.9559587609375001 0 0.9584875765625 0.080610740625 0.9761846750000001 0.334904953125 0.9809328749999999 0.3456972 0.9849443687499999 0.346767225 1 0.34553824375 1 0
0 0.455473084375 0 0.466793984375 0.08581034062500001 0.47605543125 0.2080325625 0.5122474968749999 0.46780444374999997 0.5210718140624999 0.56351023125 0.5245771828125 0.56875 0.5694172 0.56875 0.57518855 0.5618876796875 0.5775161453125 0.5407354828125001 0.5724928359375 0.4433219421875 0.556439015625 0.2937045796875 0.5448215859375 0.2233814296875 0.5181349531249999 0 0.455473084375 0
0 0.4 0 0.4 0.1818603578125 0.40726088593750004 0.2234305703125 0.429431075 0.40189573593750005 0.43852265468749996 0.438885553125 0.4456591484375 0.43970048593750005 0.4722661921875 0.4277462140625 0.48662826875 0.4098040890625 0.50016455 0.40171173437499996 0.501306075 0.39602863125 0.5008527890625001 0.34855131875 0.48864844218750003 0.26010883906250004 0.47325447187499997 0.08807793593749999 0.46096070000000006 0 0.4 0
0 0.66640625 0.15234375 0.0796875 0.3046875
0 0.753125 0.11796875 0.065625 0.2359375
0 0.096875 0.61328125 0.075 0.0890625
0 0.03046875 0.7421875 0.0609375 0.346875
0 0.6328125 0.63828125 0.090625 0.1390625
0 0.434375 0.703125 0.06875 0.26875
0 0.6465587977388481 0.8612898625579186 0.07325285892771412 0.26996155575957415