0 0.0401486607287751 0.1832127936599277 0.029075049221212446 0.19538890965492603
0 0.12356055430228441 0.1836173492240249 0.055223675243744455 0.34379355866619027
0 0.17067123502281217 0.19903489959234197 0.04028533386094857 0.2055287341605582
0 0.06730219411486997 0.16104286271767823 0.04741587226160835 0.18263753737886682
2 0.07151335484364507 0.4718328972465534 0.07064277210332381 0.12344820767745457
0 0.6134317333734596 0.43559937436974616 0.0723777344940868 0.45102690445914584
0 0.742784264252272 0.38445250158948385 0.08134355753448261 0.4376199683211164
0 0.8154572346271008 0.43238762101555145 0.06299071113712174 0.342777361884499
0 0.9436504307870349 0.4210844982352892 0.08426998073316305 0.484604228964778
0 0.32734375 0.840625 0.0953125 0.2625
0 0.5 0.8546875 0.08125 0.290625