0 0.08671875 0.20546875 0.1734375 0.4109375
0 0.23515625 0.17265625 0.1546875 0.3453125
0 0.38203125 0.21328125 0.1953125 0.4265625
0 0.109375 0.1828125 0.178125 0.365625
0 0.38984375 0.16796875 0.1796875 0.3359375
0 0.9671875 0.30859375 0.065625 0.3296875
0 0.8607650278987489 0.3401594960084863 0.0698804389257404 0.211476010874415
0 0.8660301434028697 0.2121472425484452 0.06644378916129608 0.13660334486680376
0 0.8749178363811104 0.12554123908840403 0.05099515494824054 0.08459517589344294
2 0.046875 0.73203125 0.09375 0.1390625
2 0.07090888185749847 0.7931956071869124 0.056288247690925795 0.07391234387822046
2 0.07125276003828587 0.6089333537268712 0.07456935598499985 0.08711268083635879
2 0.24449477040587836 0.6175549841454882 0.0592177580585183 0.08960101087441501
2 0.0296875 0.93828125 0.059375 0.1109375
0 0.69140625 0.5421875 0.0640625 0.046875
0 0.6924141520270357 0.8490424060845985 0.05415840263916642 0.15634284190105419
0 0.5855203115934248 0.7922432608372338 0.09675458869018456 0.2873036818249421
0 0.73359375 0.5828125 0.0765625 0.128125