0 0.20165793087353992 0.13006047260609108 0.11777904349765969 0.2145379419114118
0 0.31640625 0.153125 0.1734375 0.30625
0 0.39921875 0.16328125 0.1015625 0.3265625
0 0.403125 0.03671875 0.09375 0.0734375
0 0.28203125 0.0234375 0.1078125 0.046875
0 0.16640625 0.10078125 0.1328125 0.2015625
0 0.8703125 0.1296875 0.234375 0.259375
0 0.70859375 0.0953125 0.2171875 0.190625
0 0.58046875 0.1328125 0.2265625 0.265625
0 0.45 0.621751453125 0.3840071203125 0.8272259250000001 0.38435744843749997 0.8390127859375 0.3876607125 0.8414117796875 0.419696684375 0.8505094546875 0.43029719218749996 0.8374496796875001 0.45 0.778415684375 0.45 0.621751453125
0 0.05980771875 0.3390625 0.04339135625 0.40326470625 0.0062687265625 0.5212836265625 0 0.5465482375 0 0.797429415625 0.0073694203125 0.7757966046875 0.048458875 0.6296857578124999 0.0640129453125 0.5595958375000001 0.12323865625 0.3390625 0.05980771875 0.3390625
0 0.1859375 0.5078125 0.196875 0.3375
0 0.31640625 0.396875 0.1078125 0.115625
0 0.89296875 0.4109375 0.1390625 0.14375
0 0.790935289580508 0.6567861481212558 0.10330536661563343 0.16515324855010755