0 0.10859375 0.1859375 0.2171875 0.371875
0 0.071875 0.14296875 0.1375 0.2859375
0 0.15703125 0.2015625 0.2359375 0.403125
0 0.3703125 0.13203125 0.178125 0.2640625
0 0.19765625 0.0546875 0.0859375 0.109375
0 0.303125 0.0515625 0.134375 0.103125
0 0.9253453421875001 0 0.9301848156249999 0.019693665625000002 0.9489545187499999 0.08052079375 0.9901204453125001 0.248387259375 1 0.282705 1 0.0725457234375 0.9773554156250001 0 0.9253453421875001 0
0 0.6964416953125 0.6390625 0.6655208765625 0.545620915625 0.6399536375 0.4815244390625 0.565390425 0.2653997265625 0.522086 0.12136855625000001 0.510363625 0.11270226718750001 0.49380457343749995 0.1158948578125 0.46037658124999997 0.1353598265625 0.459375 0.13718774218750002 0.459375 0.1888338328125 0.47697839843749995 0.21427030625 0.498726778125 0.26824211875000004 0.5357946671875 0.3713404890625 0.5695299109375 0.48574605000000004 0.625983284375 0.6390625 0.6964416953125 0.6390625
0 0.6252367 0.6390625 0.6217157625 0.623152084375 0.5919169265625 0.54187894375 0.5421248515625 0.3814986375 0.49208166875000003 0.2457019984375 0.459375 0.200377753125 0.459375 0.41085079999999996 0.46630344843750005 0.43524258125 0.5048312890625 0.5291613546875 0.5433561703125 0.6390625 0.6252367 0.6390625
2 0.6941152544110141 0.32450928886287816 0.20048019335042228 0.43174540815498563
2 0.748974252036165 0.17080161566419774 0.12058689620024125 0.24688702335696497
0 0.31640625 0.6734375 0.1171875 0.06875
0 0.31374940298610454 0.7760166499082224 0.09956398801421251 0.11366534639736088
0 0.13765721449692236 0.8614864516367173 0.10087418249628843 0.1386653463973609
0 0.4359375 0.95703125 0.046875 0.0859375
0 0.18422235527009673 0.7618441528112163 0.0912668091359686 0.07442098997087002
0 0.48217526250000003 0.6390625 0.49525791249999995 0.6715290234375 0.5323258 0.77462739375 0.56606104375 0.88903295625 0.6069207421875 1 0.6789589578124999 1 0.6620520093750001 0.9489078203125001 0.636484771875 0.8848113453125 0.561921559375 0.6686866328125001 0.553014765625 0.6390625 0.48217526250000003 0.6390625
0 0.459375 0.6390625 0.459375 0.802576840625 0.4719131609375 0.8467177578125 0.5104409999999999 0.9406365296875 0.53125034375 1 0.6146293734375 1 0.5975266375 0.9533541187499999 0.5477345640625 0.7929738125 0.49769137968750005 0.6571771734375 0.4846195546875 0.6390625 0.459375 0.6390625
0 0.69140625 0.79296875 0.2109375 0.3078125
0 0.740625 0.66484375 0.125 0.0515625