0 0.93515625 0.20703125 0.1296875 0.4046875
0 0.51484375 0.2203125 0.1734375 0.378125
0 0.4171875 0.2046875 0.159375 0.409375
0 0.60078125 0.24609375 0.0859375 0.3265625
0 0.6873906680911505 0.19209192988495674 0.0648184471009328 0.28322367688202615
0 0.1852869257013096 0.7858910094287213 0.03191639988706054 0.11976867193911041
0 0.2036119914722077 0.8061225963868595 0.03375191567207612 0.1245198389353046
0 0.14755941254713 0.7804567515200558 0.03127936305535748 0.10883117193911022
0 0.12852869148632512 0.7882546640676259 0.03320588410204497 0.11514483893530461
0 0.08301877041140289 0.8097821541817941 0.02917083148532651 0.09939250494291585
2 0.1025514784592024 0.6500224936113904 0.026804694681858355 0.05876750494291585
2 0.1775591837349917 0.6398290929268183 0.021298147326811723 0.04451400395433254
2 0.17859585189672939 0.9118805064629717 0.03434417889684287 0.054398339923887915
2 0.16953125 0.98046875 0.0265625 0.0390625
2 0.1975201571442838 0.9290189269192073 0.028746626280124234 0.038582338935304605
2 0.7660602416133819 0.5538915929268183 0.11498650512049764 0.15432935574121878
2 0.7741512756024875 0.7864812584401382 0.07373987884037306 0.1152376808363588