0 0.03515625 0.171875 0.0703125 0.2
0 0.1015625 0.14140625 0.115625 0.2828125
0 0.17426017448947953 0.09907813618493781 0.06567531203728053 0.16902940468807692
0 0.2578125 0.1296875 0.1375 0.259375
0 0.303125 0.1 0.1 0.2
0 0.04140625 0.12890625 0.0828125 0.2078125
0 0.253125 0.3546875 0.09375 0.06875
0 0.61796875 0.19453125 0.1984375 0.3890625
0 0.9265625 0.15234375 0.146875 0.3046875
0 0.678125 0.14453125 0.178125 0.2890625
0 0.20740271598132837 0.5240943298911029 0.06527164772027057 0.1021422933370248
0 0.13975419730999641 0.5637564096253225 0.06432445435896632 0.08964229333702489
0 0.34702040041956295 0.4499885965485408 0.0653900468904336 0.1037047933370249
0 0.27703978714217126 0.4795945558324095 0.05217965186945541 0.09352875693983029
0 0.409375 0.9546875 0.078125 0.090625
0 0.6916546578125 0.3890625 0.7302144687500001 0.53535324375 0.8046596859375 0.779790740625 0.8117190624999999 0.789334278125 0.8158735874999999 0.7895449265625001 0.8480337015625 0.7798903671875 0.849452215625 0.763428196875 0.8122730031250001 0.6360939546875001 0.78655383125 0.527187090625 0.75103453125 0.40518592968749995 0.7457500359375 0.3890625 0.6916546578125 0.3890625
0 0.540625 0.5125 0.04375 0.246875