0 0.96015625 0.10703125 0.0796875 0.2140625
0 0.8921875 0.07890625 0.08125 0.1578125
0 0.30078125 0.56796875 0.1265625 0.2578125
0 0.1609375 0.54375 0.14375 0.209375
0 0.4067153490577772 0.627039611458102 0.13956680527833284 0.3146147717116217
0 0.5222808519324993 0.7016692762642449 0.11318067106527732 0.26203342721213974
0 0.03125 0.7265625 0.0625 0.28125
0 0.534375 0.84375 0.15 0.3125
0 0.75390625 0.63515625 0.1515625 0.3921875
0 0.85078125 0.675 0.1796875 0.471875
0 0.8988823081530548 0.6821807599293066 0.13966384156490683 0.3690839478903042
0 0.6953125 0.58203125 0.125 0.2859375