0 0.2484375 0.13203125 0.071875 0.2640625
0 0.14375 0.13359375 0.06875 0.2671875
0 0.34447296981103215 0.1325445296313256 0.06733337452429886 0.19634889448011297
0 0.0703125 0.02578125 0.05 0.0515625
0 0.01796875 0.09140625 0.0359375 0.1671875
0 0.051998968328157334 0.14467593141503912 0.06608920950527093 0.20413412094116268
0 0.7578125 0.34453125 0.121875 0.1890625
0 0.590625 0.3125 0.0625 0.253125
0 0.8546875 0.3125 0.096875 0.253125
0 0.20234375 0.6609375 0.0953125 0.44375
0 0.29765625 0.71953125 0.1703125 0.5609375
0 0.48671875 0.71953125 0.1234375 0.5609375
0 0.8900534307619967 0.7322656603117208 0.026713691710773802 0.11913182954530477
0 0.9070499297734136 0.736653151383267 0.026841025703162557 0.12225682954530477
0 0.8569690167315519 0.7203520413991531 0.026204355741218776 0.10663182954530477
0 0.8378688482524828 0.7292730738665572 0.0280215237259962 0.11290910308425506
0 0.804101343309567 0.7532833181845143 0.030029692699356937 0.12387387662320534
2 0.8220594589366172 0.5999537666423868 0.022222509885831698 0.0472295560063543
2 0.8951613779099781 0.587748047081196 0.01559050790866543 0.03774546185055314
2 0.8832211575302921 0.8424628206201463 0.020214340912470874 0.03626478246740419
2 0.8719852271882249 0.9074565750843732 0.02815417490485981 0.03952615016215581
2 0.8977465725493202 0.850016222000118 0.02027800790866543 0.03782728246740419