0 0.20390625 0.08203125 0.1265625 0.1640625
0 0.12109375 0.046875 0.0921875 0.09375
0 0.32578125 0.10390625 0.0671875 0.2078125
0 0.28984375 0.03984375 0.0734375 0.0796875
0 0.1640625 0.040625 0.09375 0.08125
2 0.2050908257110131 0.2885336965308408 0.09829763527271584 0.12239315046753826
0 0.7560775983310373 0.1784228983262389 0.10601689212119325 0.20365224082661787
0 0.8561736093286993 0.104435431601922 0.09261632033565022 0.15047269867214014
0 0.5757701786154426 0.42467625049097935 0.08605958963168217 0.20822156615858275
0 0.7864261039301146 0.28288768452878826 0.07845873195336797 0.12852497579950323
0 0.7724792352541383 0.4360263200674076 0.10573347220510562 0.24113406010845856
0 0.7426141364988939 0.43854278688992043 0.10921366971559472 0.2458397408266178
0 0.8361218453125 1 0.8463984281249999 0.9684559578125 0.8906322750000001 0.8161697578125 0.9164477203124999 0.7423239953125 0.9126213828124999 0.7312964 0.8838678859375001 0.7232600328125 0.8751438546875001 0.7256122171875 0.8704102562500001 0.73322893125 0.8339694671875 0.836544471875 0.8152133953125 0.9004059296874999 0.780036128125 1 0.8361218453125 1
0 0.359375 1 0.373399653125 1 0.41574056875 0.837921228125 0.46105525468749997 0.6873327671875 0.4565630546875 0.6732523265625 0.441686909375 0.6669445046875 0.40446026562500004 0.665668278125 0.3742204375 0.68339439375 0.37399326718750003 0.7442492203125 0.361384565625 0.8037181265625 0.359375 0.8118010828125 0.359375 1
0 0.484375 0.87109375 0.165625 0.2578125
0 0.6203311977109818 0.8049990338648584 0.07100142946385705 0.1331670240041051