0 0.04140625 0.16015625 0.0578125 0.3203125
0 0.153125 0.15078125 0.05625 0.3015625
0 0.24765625 0.10390625 0.0484375 0.2078125
0 0.984375 0.14609375 0.03125 0.2921875
0 0.2203125 0.81953125 0.06875 0.3609375
0 0.1703125 0.81953125 0.071875 0.3609375
0 0.14765625 0.765625 0.0328125 0.253125
0 0.45625 0.78984375 0.06875 0.3015625
0 0.396875 0.7484375 0.05625 0.21875
0 0.2796875 0.6921875 0.040625 0.10625
0 0.628125 0.77734375 0.040625 0.2765625
0 0.78671875 0.7796875 0.0453125 0.28125
0 0.7048001264182434 0.7311804000965451 0.036205587621872225 0.17249771287323465
0 0.5524252841775177 0.7676691931753952 0.03738765439406198 0.21312271287323464
0 0.83671875 0.765625 0.0328125 0.253125
2 0.75390625 0.98671875 0.0671875 0.0265625