0 0.50703125 0.07734375 0.1671875 0.1546875
0 0.4140625 0.04375 0.159375 0.0875
0 0.590625 0.07109375 0.125 0.1421875
0 0.7328125 0.19453125 0.10625 0.3890625
0 0.946875 0.18046875 0.10625 0.3609375
0 0.42421875 0.69609375 0.2953125 0.6078125
0 0.090625 0.69453125 0.18125 0.6109375
0 0.04765625 0.64921875 0.0953125 0.5203125
0 0.08515625 0.6140625 0.1703125 0.43125
0 0.3847370323145016 0.7234375 0.19298617440158772 0.4703125
0 0.8033258304077359 0.8125 0.1627480589778255 0.3203125
0 0.8728050059056318 0.746875 0.1678175048941414 0.33125
2 0.7421875 0.95703125 0.11875 0.0859375