0 0.2036406051795145 0.2674296639481388 0.07083640871793265 0.1725477093411815
0 0.11573509563174493 0.43861486795832005 0.08762208963168217 0.20864884134309047
0 0.22265625 0.45234375 0.1015625 0.3328125
0 0.29054953194407923 0.22270696260345746 0.06221842531467203 0.14122498400699968
0 0.33125 0.46171875 0.1 0.3140625
0 0.3122693213613356 0.29660753926641215 0.07055114357108572 0.10697725334181776
0 0.4435794435617968 0.24278201058245844 0.05528134108157481 0.11148294000636341
0 0.4694539367133196 0.32365929324477677 0.07372461037760658 0.1694590720082724
0 0.41323613504900125 0.5093064392505038 0.08520748465266034 0.21798747867599957
0 0.48801191471799543 0.47018884790741333 0.09600327469461653 0.23684656667727227
0 0.11196074542660783 0.3442108872931382 0.06053752614450918 0.13964430267345423
0 0.696875 0.103125 0.034375 0.20625
0 0.10234375 0.91484375 0.0703125 0.1703125
0 0.21796875 0.8546875 0.1046875 0.290625
0 0.33828125 0.846875 0.1046875 0.30625
0 0.4358816522704407 0.8607320319064587 0.08075678299298641 0.2210579346753633
0 0.38359375 0.69296875 0.0640625 0.1484375
0 0.09632409003266754 0.747598969287093 0.06420790041956295 0.18808180267345423
0 0.13671875 0.690625 0.0734375 0.14375
0 0.03828125 0.8859375 0.0703125 0.228125
0 0.86640625 0.9140625 0.1171875 0.171875
2 0.9890625 0.853125 0.021875 0.0625
2 0.9309270008251925 0.7730529552832751 0.10809776514684692 0.06682496801399936