0 0.04296875 0.16640625 0.0859375 0.3328125
0 0.11953125 0.15390625 0.1578125 0.3078125
0 0.04140625 0.021875 0.0828125 0.04375
0 0.20078125 0.01875 0.1015625 0.0375
0 0.21028547195103506 0.13519217427045555 0.12098140606883483 0.22475634727034208
0 0.26796875 0.09765625 0.1359375 0.1953125
0 0.40390625 0.04453125 0.0484375 0.0890625
0 0.43021546361608537 0.2216195818382623 0.09961658909937307 0.22973227360693613
0 0.4840745608812302 0.41908684506302907 0.10468672637227669 0.2346927893919517
0 0.8594248604318866 0.2596013690934883 0.11288186364518041 0.23983531570031094
0 0.6895275933029452 0.8278108557275472 0.06058629788366652 0.1325996683734992
0 0.7149103595138027 0.8597665110174539 0.05733375212603189 0.1308551578501554
0 0.6240142925443408 0.858840318825257 0.05656847758022465 0.12148015785015538
0 0.581109444361112 0.8986609529978893 0.05213606909549373 0.1243321420651398
0 0.6429396357265998 0.8460750083160308 0.06358375212603189 0.1312191788968427
0 0.64140625 0.66640625 0.0421875 0.0734375
2 0.5682101869442462 0.7042508003388184 0.04716178454774687 0.06339464206513981
2 0.6572247605816679 0.6710750083160308 0.031823826971401556 0.04695059471009326
2 0.70703125 0.975 0.0453125 0.05
2 0.7296875 0.98203125 0.03125 0.0359375