0 0.1421875 0.3015625 0.053125 0.134375
0 0.17061443921083302 0.28320679256612064 0.04949346656500007 0.1141369110699257
0 0.1765625 0.32109375 0.08125 0.0953125
0 0.31640625 0.33671875 0.0640625 0.0640625
0 0.403125 0.3171875 0.071875 0.103125
0 0.4875 0.3421875 0.053125 0.053125
0 0.42109375 0.48984375 0.1828125 0.2421875
0 0.0390625 0.6953125 0.078125 0.246875
0 0.2254233468865272 0.7721180143431523 0.09400849240055571 0.21561013103285873
0 0.1625 0.89765625 0.078125 0.2046875
0 0.0921875 0.95234375 0.109375 0.0953125
2 0.55234375 0.39765625 0.1140625 0.0578125
2 0.5283704281929162 0.5679463471979588 0.10196515634451409 0.15500001324684387
2 0.47890625 0.96015625 0.1109375 0.0796875
0 0.678125 0.45859375 0.0375 0.1796875
0 0.65703125 0.859375 0.0140625 0.265625