0 0.33359375 0.08828125 0.0703125 0.1765625
0 0.28125 0.075 0.159375 0.15
0 0.1953125 0.021875 0.103125 0.04375
0 0.534375 0.0375 0.0875 0.075
0 0.40078125 0.02578125 0.0640625 0.0515625
0 0.6414582251507748 0.08496699437081032 0.07322422359113005 0.13373701333591956
0 0.09609375 0.46328125 0.1515625 0.2671875
0 0.05234375 0.51484375 0.1046875 0.3046875
2 0.35234375 0.93671875 0.0328125 0.1265625
0 0.440625 0.54921875 0.14375 0.4390625
0 0.53828125 0.62734375 0.2984375 0.5953125
0 0.681381364621154 0.6589145484633947 0.21604172848527164 0.47570085697722053
0 0.82890625 0.68125 0.3171875 0.6375
0 0.93515625 0.6453125 0.1296875 0.446875
0 0.4984375 0.4265625 0.171875 0.19375
0 0.8515625 0.55234375 0.228125 0.4453125