0 0.02109375 0.41328125 0.0421875 0.2078125
0 0.1060272862937568 0.42912825739972427 0.18568292656407195 0.32843517735518085
0 0.20234375 0.4484375 0.1546875 0.303125
0 0.26015625 0.49453125 0.0390625 0.2109375
0 0.15152199812590023 0.16927199940322407 0.1097805095477696 0.17143974267981754
0 0.07495857551052047 0.21998906739336094 0.11420790041956294 0.18866360534690846
0 0.0140625 0.34765625 0.028125 0.2203125
0 0.48203125 0.41015625 0.2765625 0.3796875
0 0.36484375 0.465625 0.1578125 0.26875
0 0.41484375 0.4640625 0.1515625 0.271875
0 0.6648671953124999 0.6 0.616887109375 0.7015981640625 0.5084294140625 0.9396218000000001 0.506973490625 0.9542722859375001 0.5393783484375 0.969831534375 0.547959071875 0.96553949375 0.5528303953125 0.958293378125 0.6093549421875 0.83408315625 0.653518996875 0.749215840625 0.7199429046875 0.6 0.6648671953124999 0.6
0 0.38359375 0.6890625 0.2078125 0.178125