0 0.18045494740608756 0.2597171230786053 0.15376353604390705 0.3295495316346617
0 0.07781120540258772 0.22976568482787255 0.14734990404199805 0.31523236364988405
0 0.26163276941436 0.32393347338261635 0.11642607336090798 0.20777269072219048
0 0.10625 0.04609375 0.059375 0.0921875
0 0.044815797382224964 0.07849234490398471 0.0844670013526354 0.14556185079830275
0 0.01953125 0.22421875 0.0390625 0.2140625
0 0.70390625 0.09765625 0.2140625 0.1953125
0 0.60859375 0.0609375 0.1515625 0.121875
0 0.98515625 0.12109375 0.0296875 0.2421875
0 0.965625 0.2375 0.06875 0.425
0 0.052601572724361036 0.7050402574515549 0.08639312802354446 0.17687551779449712
0 0.1143385040579064 0.7091176038012333 0.10928628270208929 0.2652668557412186
0 0.2084339493952699 0.7426251235728969 0.1059976507001803 0.25107702174882984
0 0.16429305072404282 0.7072486976794539 0.06428177068745367 0.15567167984777566
0 0.01640625 0.65546875 0.0328125 0.2765625
0 0.9296875 0.48671875 0.090625 0.0734375
0 0.94921875 0.51875 0.1015625 0.1375
0 0.9029753847469507 0.6627160835724594 0.12273061736154407 0.212714858706968
2 0.72578125 0.62734375 0.3984375 0.3546875
2 0.9421875 0.96328125 0.115625 0.0734375