0 0.08984375 0.196875 0.1796875 0.24375
0 0.0546875 0.2359375 0.109375 0.165625
0 0.13203125 0.196875 0.2015625 0.24375
0 0.375 0.159375 0.19375 0.31875
0 0.42734375 0.159375 0.1046875 0.31875
0 0.18144591531057647 0.23869517130347032 0.07727290818602892 0.13649742198083886
1 0.63359375 0.021875 0.0609375 0.04375
1 0.5454652289691009 0.07265076944901946 0.049331614653892505 0.049331614653892554
0 0.175 0.515625 0.265625 0.39375
0 0.6230978267759657 0.59826824513876 0.08663462008095948 0.19619997060135788
0 0.6658685029406761 0.629528211217562 0.07258540818602892 0.13625176051544957
0 0.8048767712580418 0.5638102787212735 0.056878521030899166 0.13387038896415202
0 0.838337724446545 0.5199850356186786 0.08318207146044046 0.18978619629109836
0 0.771875 0.86796875 0.11875 0.2640625
0 0.8875 0.925 0.125 0.15
0 0.91796875 0.95 0.0640625 0.1
0 0.71015625 0.95078125 0.1234375 0.0984375
2 0.8522763144514938 0.7000067282917323 0.07177318068726599 0.09102114767057934
2 0.8649566988930901 0.77024066316287 0.05179487336031983 0.06660100180902226
2 0.91867816316287 0.8601386448455042 0.08270403663473154 0.12119997060135787
2 0.8667781484635488 0.8246825016974807 0.06700379353213641 0.08921298620519007
2 0.7050250989385186 0.8635446850982802 0.0520405348257091 0.07128850180902227
2 0.6849239608788777 0.8903085809598373 0.0605900192218769 0.08576043758467104