0 0.17969192390237082 0.30260422186184965 0.09475184367091245 0.3262202488188737
0 0.09608105727698235 0.3160640319359834 0.07232457195929073 0.21312004809323426
0 0.3423353190638066 0.2778646606065895 0.11288541356328849 0.347132949544513
0 0.2536174214211714 0.2654068114248962 0.05785965756743252 0.1704960384745874
0 0.3841418294028888 0.2879043487183572 0.08133569892376151 0.2056349303072194
0 0.12832847704552397 0.2883309015360968 0.07254289578060832 0.21780754809323427
0 0.9069266277885311 0.19625505125809523 0.143985556243525 0.27802085099579193
0 0.7385233841986718 0.21455363955519732 0.11581770678164424 0.175639895460829
0 0.24708278515107587 0.8577505349312083 0.12483314185166687 0.23523315027015243
0 0.40739954693790015 0.8165501599736175 0.06065501778268025 0.13003472958157988
2 0.54765625 0.9 0.1234375 0.121875
2 0.36491664040392485 0.7417485674153459 0.08899403349844608 0.06862600362819711
2 0.48132073635114897 0.7122743769413256 0.08623290653397539 0.0763293762235353
2 0.24745300454811398 0.6814881352940281 0.10959763192686944 0.07558533175849824
2 0.3451242171207265 0.6349802122432028 0.08721320967712849 0.06388393992586625
2 0.45635281554914997 0.6451042351086935 0.08416098428423435 0.06533731252120453
2 0.42759223056018064 0.9319122651457604 0.09375430810555194 0.07035219473518968
0 0.76328125 0.74453125 0.2359375 0.5109375
0 0.68515625 0.7109375 0.1515625 0.44375
0 0.83046875 0.63125 0.1234375 0.284375
0 0.89921875 0.59140625 0.1171875 0.2046875