0 0.05703125 0.39375 0.1140625 0.45625
0 0.2 0.42109375 0.159375 0.6359375
0 0.35831719527504546 0.47627378721799046 0.11691742084918495 0.4761687018192454
0 0.51796875 0.4515625 0.1703125 0.575
0 0.6109375 0.4296875 0.0375 0.446875
0 0.10797079375927895 0.20225612861710057 0.10313380257724791 0.33212760339082215
0 0.5012117814348072 0.3349125407326471 0.12645619515944445 0.47973034946188076
0 0.8270981727738084 0.37550534573782707 0.08085601085413394 0.2936815334984459
0 0.731615254411014 0.3444308200972639 0.08990346223361483 0.2878681811410811
0 0.9118106874731294 0.4178255864322022 0.07323386137453233 0.17798375889134022
0 0.7160931529861047 0.25207850020488776 0.07198562188998174 0.24339043507002261
0 0.65390625 0.3375 0.0484375 0.20625
0 0.9638711544564427 0.4406124230738014 0.06525094301173802 0.20410961124870503
0 0.321875 0.80234375 0.128125 0.1265625
0 0.440625 0.78359375 0.08125 0.0890625
0 0.56875 0.83203125 0.11875 0.1859375
0 0.91171875 0.95546875 0.1046875 0.0890625