0 0.3796875 0.26796875 0.140625 0.3234375
0 0.2647525409744492 0.27980613809672594 0.11564904671392995 0.2188074874635877
0 0.2984375 0.08828125 0.1 0.1765625
0 0.36171875 0.0390625 0.0953125 0.078125
0 0.43359375 0.08515625 0.0328125 0.0984375
0 0.21717049881286576 0.2221240187381115 0.13191054420664755 0.2411371285298145
0 0.6051395117449895 0.2676400733696003 0.19909804420664762 0.24309208511458974
0 0.58125 0.52578125 0.18125 0.2265625
0 0.81171875 0.578125 0.1484375 0.121875
0 0.4703125 0.49140625 0.040625 0.1828125
0 0.84375 0.81953125 0.196875 0.3609375