0 0.3820781759737947 0.1528393758938381 0.08038962903138529 0.18867960485118865
0 0.4265625 0.184375 0.1 0.26875
0 0.453125 0.215625 0.1125 0.20625
0 0.59921875 0.21875 0.1171875 0.2
0 0.65 0.196875 0.078125 0.24375
2 0.9640625 0.15390625 0.071875 0.1515625
0 0.08951399441842875 0.4824468696849203 0.07235449710451594 0.11642196757828494
0 0.420316576511914 0.6321131902782261 0.09571922249741008 0.11677265394280312
0 0.10149595595758401 0.6262288205933059 0.08092897642635144 0.09999974212409235
0 0.09453125 0.365625 0.0921875 0.09375
2 0.2934480155108779 0.5988857152830752 0.1372517510334573 0.10615388939893541
0 0.97890625 0.784375 0.0421875 0.175
0 0.9875 0.7890625 0.025 0.159375
0 0.9540836468185748 0.7644942240770669 0.062256059139009244 0.1669641015172086
0 0.9300639499617279 0.778907410441585 0.05869441149637407 0.15733401000193972
0 0.8870759292835636 0.7995386458977174 0.06389133374611503 0.16865414727484324
2 0.9479878122438903 0.6280145901381433 0.033797111248705033 0.05723841515269079
2 0.9665193726257538 0.9152436521066353 0.038630160462916764 0.06074605242559432
2 0.93828125 0.9828125 0.0296875 0.034375
2 0.9784371757689069 0.926723286045559 0.027037688998963992 0.045790732122152636