0 0.103412741068251 0.22506107802370873 0.03271486282348768 0.17464717292769336
0 0.15477068952612338 0.21124131714929373 0.03243421915415361 0.24802100593149917
0 0.1943280673671449 0.19321155874633683 0.016189836038126515 0.12244800296574958
0 0.2351848924482228 0.20483746684528265 0.0339694456152035 0.24652217292769335
0 0.01171875 0.2015625 0.0234375 0.265625
0 0.06780647767557038 0.2007123354380825 0.028818295453047593 0.21976867193911023
2 0.0890625 0.4046875 0.028125 0.05
0 0.5365600263750288 0.36793432752941707 0.02841710064862326 0.10733233893530461
0 0.5613145645244758 0.35285315559030683 0.026909147726523842 0.11039367193911023
0 0.5967299131445041 0.3662643981759331 0.028389827109672795 0.1057698389353046
0 0.50078125 0.38125 0.0234375 0.096875
2 0.5209059784863493 0.2325379969970694 0.01784206493480802 0.038200336958138334
2 0.5942071107915975 0.2217331481759331 0.016361385551659068 0.042824169961943784
2 0.2140625 0.57109375 0.259375 0.2828125
0 0.6662364748361966 0.6046106096583703 0.05500687418757346 0.1099771778706093
0 0.7528734042193456 0.5963895913695815 0.056378459414921075 0.09910334486680368
0 0.8353858952908919 0.5758277405712787 0.043769365259119654 0.09234400889724856
0 0.9203512305182395 0.5614203892786844 0.05012845941492117 0.09884867688202612