0 0.0875 0.11328125 0.159375 0.2265625
0 0.1859375 0.0921875 0.121875 0.184375
0 0.8315263765625 0.45 0.85462935625 0.3943648140625 0.8973201421875 0.274639825 0.9449072140624999 0.1256991890625 0.9723286015625 0.0538564453125 0.968777428125 0.042458134375 0.9403439390624999 0.0318874140625 0.9316051140624999 0.033486753125000004 0.926715403125 0.0407162828125 0.8880292749999998 0.14120127968750001 0.8678679734374999 0.203641759375 0.8039840515625001 0.3693521203125 0.7763372374999999 0.45 0.8315263765625 0.45
0 0.5421875 0.23125 0.19375 0.4375
0 0.6430797809453195 0.22917316339113372 0.17357652164110532 0.43624767735518083
0 0.1086342362764535 0.6052913154041786 0.1097172954602886 0.22776246801399935
0 0.2703125 0.48125 0.071875 0.0625
0 0.1994146974800822 0.735297536083678 0.06962584138279589 0.13826361600890866
0 0.16996052969167819 0.6732151594127691 0.06273934389007838 0.11631589067472685
0 0.23752245124100596 0.7685645694223141 0.07325094655564542 0.15548747867599957
0 0.1578125 0.93671875 0.10625 0.1265625
0 0.071875 0.97734375 0.071875 0.0453125
0 0.512520102732074 0.8354675220400891 0.11707515439406198 0.21222837468172653
0 0.61171875 0.853125 0.1515625 0.29375
0 0.653376086434738 0.6948708887253154 0.08230769780928657 0.14465906667727219
0 0.6953125 0.88046875 0.15 0.2390625
0 0.7528676210744741 0.6866504034054512 0.1048646594086268 0.16835110534690845
0 0.76015625 0.94453125 0.1140625 0.1109375
0 0.8677902759307544 0.7927105940881323 0.11730247492717538 0.22004087468172653
0 0.8390625 0.93515625 0.103125 0.1296875