0 0.175 0.303125 0.35 0.153125
0 0.13046875 0.27421875 0.2265625 0.2109375
0 0.23828125 0.25390625 0.2234375 0.2515625
0 0.90703125 0.03671875 0.0734375 0.0734375
0 0.82109375 0.06953125 0.1171875 0.1390625
0 0.9265625 0.0421875 0.0875 0.084375
0 0.95859375 0.02734375 0.0828125 0.0546875
2 0.9253934558912487 0.1744440357105196 0.06757706220555537 0.09478639448011279
0 0.25234375 0.6375 0.1953125 0.515625
0 0.0984375 0.73125 0.196875 0.5375
0 0.7737905826114337 0.8112758340062364 0.06792837672018485 0.11663412094116268
0 0.7835271675784246 0.7888241355483638 0.06329966531583313 0.09939207386326192
0 0.8189862139497672 0.7839826769442217 0.06398317049962934 0.10720457386326192
2 0.6968193965604155 0.6804428453703221 0.03296832488222208 0.038018197240056395
2 0.7576400278987488 0.6534224236978108 0.026308221771944317 0.03322160308425506
2 0.8579399901515725 0.899330987414803 0.04187443317629622 0.05065456493480802
2 0.8802250932618503 0.9044003169601078 0.03425742280870381 0.03492047077900686
2 0.8776755831770817 0.964420199265356 0.04738213939685174 0.06011138555165942