0 0.0421875 0.28984375 0.084375 0.1984375
0 0.0453125 0.09765625 0.090625 0.1953125
2 0.89921875 0.01328125 0.0484375 0.0265625
2 0.8467598925821967 0.020521560601735732 0.03601274310259513 0.03205008700597225
0 0.1200767203742152 0.7084781151226386 0.08745349163225705 0.2095945119678472
0 0.22888847636710902 0.6504090823532287 0.12525446404263718 0.33532186379145834
0 0.32890625 0.61171875 0.1015625 0.3265625
0 0.33359375 0.4515625 0.0734375 0.125
0 0.09453125 0.45859375 0.0796875 0.1390625
0 0.07307781037916401 0.528100937310972 0.08022084577069996 0.19069904160312506
0 0.25234375 0.4296875 0.0734375 0.08125
0 0.053967041495971466 0.6709066863610414 0.08112160447712728 0.20788654160312509
0 0.42421875 0.45 0.0515625 0.121875
2 0.5346283847802805 0.452445014248958 0.041846663274411534 0.05403418977951393
2 0.6171875 0.99140625 0.028125 0.0171875
0 0.59921875 0.971875 0.0421875 0.05625