0 0.0609375 0.234375 0.121875 0.46875
0 0.29140625 0.234375 0.1703125 0.46875
0 0.159375 0.253125 0.128125 0.43125
0 0.22265625 0.16796875 0.1109375 0.3359375
0 0.46328125 0.234375 0.1390625 0.46875
0 0.5953125 0.28046875 0.090625 0.3765625
0 0.98828125 0.125 0.0234375 0.2125
0 0.9734375 0.14609375 0.053125 0.2328125
0 0.3808217346385075 0.7620259180205633 0.046387694540684074 0.20825211575678076
0 0.4786299030825939 0.7920235021367258 0.03742294724210708 0.13454159997176518
0 0.5089089372834608 0.7835963521084908 0.041336173493996674 0.2017290999717652
0 0.5545476609751016 0.7940935073278104 0.04813220506402782 0.2114681210184525
0 0.4498216345961552 0.721362391641617 0.03798438936371688 0.11744510523343692
2 0.4130973663920652 0.9481223127165391 0.04921031570031094 0.0962981473268119
0 0.7046875 0.8265625 0.05 0.346875
0 0.7889435897307701 0.6966130206231644 0.05680998407380997 0.1465711631118273