0 0.20703125 0.3296875 0.2046875 0.659375
0 0.5078125 0.346875 0.209375 0.625
0 0.08986620124100594 0.2974834268612042 0.12742894734706828 0.46935417568342575
0 0.19921875 0.1453125 0.1015625 0.290625
0 0.3171875 0.2140625 0.153125 0.428125
0 0.36105322796318323 0.35090449542833435 0.12650294483978577 0.4910924746466666
0 0.5671875 0.27578125 0.14375 0.5515625
0 0.9515625 0.15546875 0.096875 0.3109375
0 0.9265625 0.04140625 0.0625 0.0828125
0 0.8678691807870349 0.16626423821828773 0.070762444048363 0.18230394354388862
0 0.8489206039857151 0.12116635169615808 0.0709443004748537 0.18855394354388863
0 0.0671875 0.67734375 0.08125 0.0359375
0 0.46953125 0.71875 0.0734375 0.11875
0 0.5 0.74609375 0.090625 0.1734375
0 0.46640625 0.90546875 0.0984375 0.1890625
2 0.28359375 0.83515625 0.3609375 0.3296875