0 0.38984375 0.31302199940322406 0.1375 0.2859749573519991
0 0.3125 0.2910282733927246 0.1375 0.2734749573519991
0 0.46796875 0.3279935660804963 0.1046875 0.1793431493475449
0 0.5 0.20414753341817793 0.109375 0.21064769334818118
0 0.240625 0.3073794320496341 0.11875 0.2029442813494537
0 0.8140625 0.09609375 0.1375 0.1921875
0 0.7265625 0.090625 0.1375 0.18125
0 0.91171875 0.08359375 0.1046875 0.1671875
0 0.67578125 0.08203125 0.0515625 0.1640625
0 0.9578125 0.071875 0.084375 0.14375
0 0.5078125 0.7215344807447236 0.1125 0.2216215560152719
0 0.55 0.63046875 0.109375 0.1421875
0 0.9484375 0.928125 0.103125 0.14375
0 0.8890625 0.9453125 0.1125 0.109375