0 0.2625 0.45625 0.06875 0.125
0 0.17265625 0.4453125 0.0734375 0.146875
0 0.0859375 0.46015625 0.065625 0.1171875
0 0.65 0.046875 0.05625 0.09375
0 0.75234375 0.065625 0.0609375 0.13125
0 0.91484375 0.08046875 0.0703125 0.1609375
0 0.83671875 0.065625 0.0546875 0.13125
0 0.7444803539533366 0.3672172690955392 0.04114890871793264 0.17400618506293436
2 0.9563767027085811 0.38560410665262895 0.06721265601864027 0.08743006763635783
2 0.23359224337523737 0.9135846288484458 0.020976273445216798 0.051302390871793335
2 0.30043620125868864 0.9038912427505374 0.018584979254075585 0.040246491701630305
0 0.87109375 0.559375 0.0609375 0.08125
0 0.7890625 0.56328125 0.059375 0.0890625