0 0.309375 0.20703125 0.01875 0.2109375
0 0.2828125 0.14453125 0.071875 0.2140625
0 0.5890625 0.4296875 0.128125 0.31875
0 0.53203125 0.41328125 0.1296875 0.3515625
0 0.50390625 0.4453125 0.0703125 0.2875
0 0.8078125 0.38828125 0.121875 0.4015625
0 0.7442831168302761 0.3834223634102088 0.09947788502724145 0.3597399823325695
0 0.96484375 0.45 0.0703125 0.278125
0 0.6276414263835702 0.392413544071667 0.05753001778268043 0.12932513050895836
0 0.92734375 0.40703125 0.1265625 0.3640625
0 0.2375 0.8140625 0.1375 0.371875
0 0.1 0.9265625 0.121875 0.146875
2 0.5752334021907491 0.6786945765567364 0.06112159057054054 0.03888196846486114