0 0.034375 0.25546875 0.06875 0.4484375
0 0.13611149943131914 0.2414580572883657 0.1444488227570142 0.43437609468490823
0 0.1946675754193746 0.3095080759468661 0.11257926728618087 0.3402806493475449
0 0.3198305763693051 0.33460697859645777 0.15491485049243092 0.48136018268618097
0 0.4329838865897912 0.37234224124764037 0.11148954597152816 0.36057496801399935
0 0.5605451889264926 0.3950701218969138 0.15662282085715323 0.4876283640197263
0 0.5369271573913538 0.335986023233641 0.09044969414791701 0.32908861067790857
0 0.4602951882609025 0.17207861191123133 0.07598453780340293 0.17739884134309047
0 0.91015625 0.3296875 0.1796875 0.659375
0 0.8796875 0.278125 0.228125 0.55625
0 0.2538808808902081 0.9003592479312758 0.047021776785486226 0.07396475867281786
0 0.4706676841768399 0.9486042019016864 0.053453614741388836 0.08184998400699968
0 0.045940441110694105 0.9418307746260475 0.06450021751493065 0.08666475334181775
0 0.790625 0.740625 0.103125 0.1625