0 0.3421875 0.32578125 0.175 0.4828125
0 0.2359725625348621 0.34473148236000284 0.15099232082972164 0.33919969810012063
0 0.1406497920825009 0.2950003980092636 0.16276915089574 0.3849216338757694
0 0.06015625 0.3671875 0.1203125 0.45
0 0.44921875 0.1859375 0.0390625 0.2875
0 0.5438629749759731 0.4114896144267499 0.08630652130083298 0.18649742198083885
0 0.3050576203125 1 0.2791287765625 0.8522260015625 0.270231590625 0.7765405890625 0.2617336796875 0.7683273640625 0.23130699687499998 0.772783809375 0.22421550781250002 0.7783722765625 0.2232003703125 0.7870115515625 0.2353465984375 0.8930308390625001 0.246371878125 0.9570479437499999 0.25127252968749997 1 0.3050576203125 1
2 0.04609375 0.94375 0.0921875 0.1125
0 0.53984375 0.83984375 0.1140625 0.1796875
0 0.68275867111176 0.8839555139063517 0.07154139227157383 0.14217421189493057
0 0.6265961454756026 0.844125052011421 0.06494007775694435 0.12005355042954129
0 0.7321435164463435 0.8936071528705035 0.07603340263916643 0.15796298620519006