0 0.3473106037224084 0.221875 0.15357051668268457 0.3265625
0 0.2422717892077788 0.24375 0.1460902073518513 0.3125
0 0.41875 0.19765625 0.0625 0.2015625
0 0.15226265240282522 0.29921875 0.10941183063166626 0.196875
0 0.15165493407125075 0.10078125 0.07359190782296263 0.1625
0 0.1251710550419916 0.14453125 0.0719514953818516 0.14375
0 0.10523111899097333 0.27421875 0.09866982026407375 0.18125
0 0.52578125 0.428125 0.0484375 0.0625
0 0.5078125 0.41328125 0.05625 0.0921875
0 0.4734375 0.41796875 0.046875 0.0828125
0 0.46328125 0.42578125 0.0265625 0.0671875
0 0.4693318666818991 0.27421875 0.0359757476909258 0.071875
2 0.48667590009375095 0.29921875 0.029511134213055356 0.0515625
0 0.0203125 0.575 0.040625 0.128125
0 0.04739524396773191 0.54296875 0.054608170499629426 0.10625
0 0.07892820796398188 0.521875 0.04992067049962943 0.10625
0 0.115625 0.50078125 0.059375 0.0828125
0 0.0796875 0.478125 0.0375 0.0375
0 0.05234375 0.47421875 0.0390625 0.0296875
0 0.03046875 0.48046875 0.0453125 0.0421875
0 0.7604838384538435 0.67421875 0.07435332544787006 0.1890625
0 0.8123778205933805 0.62578125 0.054139278793703484 0.11875
0 0.7872999081522694 0.64453125 0.058084485014259 0.128125
0 0.8621830394906027 0.67265625 0.061209485014259005 0.128125
0 0.8893312998581953 0.65703125 0.0822437378889811 0.2078125
0 0.931088864372825 0.63515625 0.08427512959490713 0.1953125
2 0.8407981806308807 0.83671875 0.06445206220555537 0.09375