0 0.053125 0.39453125 0.10625 0.4890625
0 0.23828125 0.45703125 0.2734375 0.3640625
0 0.03125 0.2828125 0.0625 0.35625
0 0.10420502925402815 0.356720189532714 0.186745425530556 0.44058190990138846
0 0.1109375 0.4890625 0.203125 0.3
0 0.32734375 0.4375 0.1234375 0.403125
0 0.76171875 0.48203125 0.1421875 0.3140625
0 0.8567695976426393 0.4810871696472116 0.12744054787138914 0.30835006249917624
0 0.9416537439191671 0.5014893985438933 0.09873235999173638 0.2156989123370204
0 0.6808617142838893 0.5122940795486001 0.09815047853284735 0.1906989123370204
0 0.6660692496187504 0.3468599943212524 0.08659472948277784 0.16394549756436802
0 0.6357102556026739 0.3856867151002592 0.16483275151861143 0.37147735389503395
0 0.33359375 0.88984375 0.1109375 0.2203125
0 0.25390625 0.9125 0.1265625 0.175
0 0.1375 0.84453125 0.2 0.3109375
0 0.04453125 0.8703125 0.0890625 0.259375
0 0.0328125 0.825 0.065625 0.35
0 0.44453125 0.85546875 0.1109375 0.2890625
0 0.528125 0.81953125 0.278125 0.3609375
0 0.65390625 0.86171875 0.2953125 0.2765625
0 0.878125 0.86484375 0.24375 0.2703125
0 0.79765625 0.903125 0.1921875 0.19375