0 0.08507258933219548 0.12859343765063888 0.027628502066914605 0.19193612772394086
0 0.14388681720628896 0.0943002011442922 0.024280870140045253 0.12006112772394087
0 0.11588809574233627 0.10645063988021182 0.026280017782680253 0.1295453883676025
0 0.18341804404692522 0.154281488523159 0.03089474317557439 0.12831067029858775
0 0.2127609416895604 0.14692781043090114 0.030064297352184965 0.2107953883676025
0 0.2571295258499601 0.13670585845342975 0.037221825888232196 0.1972791915859112
2 0.13537003412212778 0.3108157117879539 0.04164815260503385 0.09168475544788172
0 0.35078125 0.640625 0.1015625 0.44375
0 0.22578125 0.59140625 0.0640625 0.3453125
0 0.1046875 0.6265625 0.090625 0.415625
0 0.0109375 0.5734375 0.021875 0.309375
0 0.41171875 0.5734375 0.0359375 0.309375
0 0.30234375 0.5296875 0.0640625 0.221875
0 0.434375 0.81328125 0.009375 0.0921875
0 0.45219377688341744 0.793076554730918 0.021879308105551942 0.06849862772394086
0 0.46627123945603 0.8442237914893662 0.016502603390822122 0.0868115851492938
0 0.4724891602580289 0.7780360627766896 0.018065103390822124 0.0869208457929556
0 0.4856634024001461 0.7476055176041527 0.02289815260503385 0.09037362772394086
0 0.4995696987188737 0.6341439511442922 0.01377570967712849 0.06170232450563216
0 0.48001917804070926 0.6500203234203514 0.016827935070022625 0.060358345792955605
0 0.4880564640203547 0.5447700947076749 0.015338209677128489 0.06181158514929388
0 0.5289019418944482 0.5092203607992183 0.019554828783716262 0.08546760643661737
0 0.5813354673301235 0.8138639381548419 0.019845927212139715 0.09171760643661742
0 0.551663045699555 0.5758669114196369 0.01719180810555194 0.0681708457929556