0 0.33125 0.32890625 0.2 0.4015625
0 0.45142672169590237 0.33576010318142513 0.14273954597152816 0.3656336162111037
0 0.52734375 0.2984375 0.1046875 0.4625
0 0.20625 0.3734375 0.140625 0.3125
0 0.05 0.35390625 0.1 0.3515625
0 0.10390625 0.33046875 0.1671875 0.3984375
0 0.5070967998681594 0.2624895771265773 0.12213479882131964 0.2850728209258335
0 0.6283326078125 0 0.6303420671875 0.0102131453125 0.697354190625 0.29883503437500003 0.7544056578125 0.5296875 0.804854390625 0.5296875 0.7747762703125 0.4082423796875 0.7572566546875 0.31615407812499996 0.6939932078125001 0.06974295312499999 0.67816814375 0 0.6283326078125 0
0 0.40546875 0.6390625 0.1484375 0.21875
0 0.50390625 0.65859375 0.1515625 0.2578125
0 0.28046875 0.67578125 0.1921875 0.2921875
0 0.159375 0.65234375 0.140625 0.2453125
0 0.06796875 0.640625 0.1359375 0.221875
0 0.4640625 0.57421875 0.115625 0.0890625
0 0.8627077541809719 0.7099445041338293 0.10632665444465292 0.20941784946188075
0 0.946875 0.7140625 0.10625 0.30625