0 0.23359375 0.27578125 0.0546875 0.1859375
0 0.3296875 0.1890625 0.059375 0.359375
0 0.38203125 0.2390625 0.1109375 0.259375
0 0.509375 0.221875 0.121875 0.29375
0 0.63046875 0.265625 0.0796875 0.20625
0 0.75234375 0.24453125 0.1265625 0.2484375
0 0.7234375 0.24921875 0.06875 0.2390625
0 0.20859375 0.44921875 0.1078125 0.1609375
0 0.04140625 0.60625 0.0828125 0.278125
0 0.87421875 0.55 0.1265625 0.3625
0 0.9433531188823231 0.6532864473071511 0.09899807222466936 0.42317190637700647
0 0.934375 0.81171875 0.0875 0.3765625
0 0.63359375 0.56328125 0.1203125 0.3890625
0 0.48849200409153326 0.6568419787419583 0.11084330779669908 0.40507700361804455