0 0.0953125 0.28515625 0.190625 0.5296875
0 0.36875 0.31796875 0.240625 0.4640625
0 0.5484375 0.3578125 0.08125 0.384375
0 0.015625 0.31796875 0.03125 0.4640625
0 0.07578125 0.16015625 0.1171875 0.3203125
0 0.18984375 0.2328125 0.1734375 0.465625
0 0.22421875 0.3484375 0.1484375 0.403125
0 0.44296875 0.29453125 0.1859375 0.5109375
0 0.65859375 0.04453125 0.1109375 0.0890625
0 0.634375 0.190625 0.090625 0.38125
0 0.8265625 0.42421875 0.128125 0.2515625
2 0.6575636996600689 0.22483833110959778 0.11155836189159736 0.16910704274124874
0 0.1640625 0.5828125 0.046875 0.065625
0 0.18984375 0.5921875 0.0578125 0.084375
0 0.23125 0.58828125 0.065625 0.0765625
0 0.071875 0.58515625 0.06875 0.0703125
2 0.07911204454982582 0.7051761039301147 0.05875936379145834 0.11207487012586874
0 0.7703125 0.571875 0.1 0.04375
0 0.61796875 0.68359375 0.0578125 0.1171875
0 0.8681946879765621 0.8780771172028619 0.0678434230620141 0.10028526514684692
0 0.8907457544653121 0.679840526745987 0.06922408510611114 0.09259116431700995
0 0.6203125 0.86171875 0.0625 0.1359375
0 0.7361283768061455 0.8225752462518005 0.08877417211208342 0.12838695435896633
0 0.97734375 0.82109375 0.0453125 0.1328125
0 0.846875 0.5921875 0.103125 0.084375