0 0.51640625 0.28359375 0.1046875 0.3109375
0 0.6167062295796871 0.31269757787929287 0.08005509517409734 0.2219937183831675
0 0.40234375 0.2796875 0.1015625 0.31875
0 0.2796875 0.32578125 0.084375 0.2265625
0 0.2876395914712845 0.1304324838039875 0.0696254350298613 0.17608044108527157
0 0.33828125 0.0625 0.0640625 0.125
0 0.5781197743169442 0.1216627652639366 0.06973453780340293 0.18076794108527147
0 0.22884320687826348 0.26984663479143667 0.08009146276527801 0.22355621838316733
0 0.9446153593750001 0 0.930317925 0.067663484375 0.920499559375 0.1318821 0.884174265625 0.303398175 0.86087989375 0.4390625 0.9110199171875 0.4390625 0.9126069749999999 0.43042992187499995 0.9383427859375001 0.322974159375 0.9611591734375 0.1994174125 0.984080334375 0.0462881328125 0.9937179609375001 0 0.9446153593750001 0
0 0.71171875 0.10390625 0.0734375 0.2078125
0 0.15349771476204827 0.8541203076781109 0.0764936840799308 0.2030434592838688
0 0.24609375 0.86640625 0.0953125 0.2671875
0 0.32421875 0.89453125 0.0921875 0.2109375
0 0.47551818512677047 0.868496994905871 0.06359364057694457 0.18505492288667433
0 0.38671875 0.94375 0.0734375 0.1125
0 0.73125 0.7984375 0.103125 0.403125
0 0.835585475779965 0.7161568375969004 0.07180749050069472 0.26983044108527143