0 0.16484375 0.16484375 0.1671875 0.3296875
0 0.30390625 0.0671875 0.1109375 0.134375
0 0.365625 0.16484375 0.128125 0.3296875
0 0.48125 0.21015625 0.1875 0.4203125
0 0.6081615101711175 0.20502058111895777 0.13440566152884675 0.3664991286090974
0 0.7328125 0.23671875 0.18125 0.4734375
0 0.7142203204726196 0.16184984973631886 0.11651678879981073 0.3192968202884723
0 0.98828125 0.18359375 0.0234375 0.2109375
0 0.9765625 0.35703125 0.046875 0.1953125
0 0.72265625 0.73359375 0.2453125 0.1296875
0 0.3046875 0.7921875 0.3 0.246875