0 0.2890625 0.2484375 0.11875 0.121875
0 0.196875 0.24921875 0.11875 0.1203125
0 0.1109375 0.27421875 0.096875 0.0703125
0 0.440625 0.28515625 0.08125 0.0484375
0 0.4953498847315137 0.7725837069865321 0.13762699828414035 0.33253001778268027
0 0.55 0.7234375 0.078125 0.3125
0 0.43531330667655277 0.8275216100058508 0.09612615690134448 0.1932834272121397
0 0.3414232511871343 0.6842745700972639 0.08441576708875882 0.16621150496239884
0 0.33345763849243737 0.7322754224546288 0.16072952916295283 0.37573636228216234
0 0.7378496217993898 0.6832065297743923 0.11778585972519587 0.2941567224974101
0 0.6694489627864744 0.6651970843652876 0.11893918276559176 0.28016699710451576
0 0.8131822424116457 0.7249445736119207 0.09424540815498564 0.18227315260503385
0 0.8593010729738889 0.6475130864322022 0.11957568025830945 0.30204199710451574
0 0.615625 0.65234375 0.053125 0.2078125
0 0.8767098818285198 0.6022926317174725 0.11010975204506401 0.29848034946188073
0 0.899541976576528 0.5557643881276133 0.08661476458147632 0.18815927956950454