0 0.21484375 0.23515625 0.1765625 0.4703125
0 0.18836209342111002 0.19606292776159115 0.1022415682122391 0.32499209172016935
0 0.26171875 0.24765625 0.1546875 0.4953125
0 0.29898923421985024 0.07138843587926602 0.07097302768032883 0.1323954886359143
0 0.528125 0.0609375 0.09375 0.121875
0 0.4200259288963736 0.16977493750082379 0.10674338441013069 0.24387845941492117
0 0.5890625 0.07890625 0.115625 0.1578125
0 0.6684024204934166 0.1255674212687694 0.08646537650146531 0.20605117694751698
0 0.4734375 0.07734375 0.075 0.1546875
0 0.66875 0.75625 0.178125 0.09375
0 0.7875 0.803125 0.15 0.1875
0 0.84921875 0.8546875 0.1390625 0.290625
0 0.4609375 0.815625 0.171875 0.2125
0 0.396875 0.8546875 0.115625 0.290625