0 0.29765625 0.19021244068315069 0.0640625 0.21748902837152997
0 0.3515625 0.196875 0.015625 0.325
0 0.33515625 0.18046875 0.0484375 0.2421875
0 0.52633145625 0 0.51258810625 0.009685320312499999 0.5222635546875 0.07023325 0.51936735625 0.1300510921875 0.5098995578125 0.24205059687500002 0.4928895125 0.36258841875000003 0.49241383125000004 0.36875 0.5590127015624999 0.36875 0.5791333171874999 0.1612277375 0.5998155234375 0.009054471875000001 0.5953640515625 0 0.52633145625 0
0 0.4606478375 0 0.4532841671875 0.1118179109375 0.42892794843750004 0.2731856921875 0.4248653625 0.36875 0.5040571921875 0.36875 0.5175084390625 0.262966609375 0.5289073453124999 0.114828696875 0.5134274609375 0.0280504265625 0.5151675875 0.0213329234375 0.5240638328125 0.014426834375 0.5256386453124999 0 0.4606478375 0
0 0.6765625 0.2234375 0.103125 0.290625
0 0.78125 0.2125 0.078125 0.3125
0 0.8770258046875 1 0.8844991312499999 0.9531266031250001 0.9076992781250001 0.8448591624999999 0.927610153125 0.7206058140625 0.9469383609375001 0.566800321875 0.9606642265625001 0.49198914218750006 0.9550544765625 0.4812197484375 0.9250755421874999 0.47473164843750004 0.9167591859375002 0.47752849375000006 0.91327846875 0.4853532625 0.8937527968750001 0.5900364171875 0.8854415328125 0.6545458125 0.8531564750000001 0.827191409375 0.827676696875 1 0.8770258046875 1
0 0.439083009375 1 0.446542246875 0.931666025 0.45021116718750004 0.8607589578125001 0.4728207765625 0.6275654328125 0.4935029828125 0.4753921671875 0.4867325296875 0.46162079843750004 0.4708725359375 0.456125265625 0.43354465 0.4568057328125 0.40627556406250004 0.47602301406249997 0.4159510125 0.536570946875 0.4130548140625 0.5963887875 0.403587015625 0.7083882921875 0.38657697031250005 0.8289261140625002 0.3733698578125 1 0.439083009375 1
0 0.359375 1 0.3721235078125 1 0.376405265625 0.9796041265625 0.38336067812499997 0.8910215765625 0.4050084390625 0.720779109375 0.4164073453125 0.572641196875 0.4009274609375 0.48586292656249996 0.40266758750000003 0.4791454234375 0.4115638328125 0.47223933437500004 0.4196808734375 0.397879225 0.40633465468749996 0.3857974328125 0.366297846875 0.37199298125 0.359375 0.37639691875 0.359375 1
0 0.56328125 0.7592435855103011 0.1015625 0.4607676669304743
0 0.67265625 0.651488572973889 0.0671875 0.27226745658477536