0 0.08359375 0.2265625 0.1203125 0.125
0 0.2296875 0.209375 0.2 0.159375
0 0.4828125 0.20546875 0.19375 0.1671875
0 0.61484375 0.07734375 0.0703125 0.1546875
0 0.709375 0.084375 0.090625 0.16875
0 0.87265625 0.08125 0.0953125 0.1625
0 0.79296875 0.07421875 0.0796875 0.1484375
0 0.4294667228733401 0.41415610737016273 0.09223217313564333 0.22991428413027978
0 0.20859375 0.32734375 0.0859375 0.0765625
2 0.241237547375444 0.46895148123121266 0.06054068511654283 0.08149219468185845
2 0.2558878352170592 0.542608789109603 0.09066469473518968 0.09572129465362345
2 0.5018774362128511 0.4254191020379038 0.061830366604888456 0.07377069994353028
2 0.5118848640729998 0.5199426467621144 0.06372024881887359 0.0832367052052021
2 0.49637144756077856 0.6951778651920832 0.08139882213985139 0.0983002630835923
2 0.25702869456555366 0.6444443048946186 0.18450895317271013 0.19318709983059074
0 0.6981051393855612 0.44424688381969635 0.06606648801910034 0.1504242052052021
0 0.7794716681566838 0.7370706916274995 0.08914188947037935 0.18607327886860806
0 0.6991021218775482 0.7519606732822351 0.09319447241000382 0.2128177893919517
0 0.6296998797669144 0.4527881549369709 0.06332343393541642 0.16117969468185844