0 0.0125 0.28203125 0.025 0.0890625
0 0.08246782585286638 0.37656400662476264 0.0843502404661713 0.31806476099766207
0 0.15704867440158754 0.33644664687185594 0.07760916714519332 0.30352866431701
0 0.8020958234906137 0.23198890289514065 0.023149812521204537 0.08278918921211939
0 0.8077258085144893 0.4156418524802222 0.03421628729346118 0.13193708423309758
0 0.8258136096029484 0.4401207116084288 0.03205358656782167 0.11463118506293454
0 0.7597694581516696 0.4106592771701944 0.03599704210278443 0.1383054834032606
0 0.735768962960993 0.4187444643077212 0.03588791469812271 0.1351804834032606
0 0.692001604793625 0.4439938406573674 0.03566965988879929 0.1289304834032606
2 0.7235988012580952 0.24968681098837334 0.03812004809323426 0.06522318091374953
2 0.8134152694069297 0.24209760870399943 0.023839293283910833 0.057907588382282424
0 0.10633789062500001 0.5390625 0.1046079265625 0.55984350625 0.08592041406249999 0.8578611796875 0.0907304015625 0.870459978125 0.127348446875 0.8722812125000001 0.135101671875 0.8584354921875 0.1421373765625 0.7386658453124999 0.152058090625 0.6384406453125 0.15805954687499998 0.5390625 0.10633789062500001 0.5390625