0 0.2421875 0.21484375 0.228125 0.4296875
0 0.20234375 0.1765625 0.2015625 0.353125
0 0.4171875 0.12421875 0.04375 0.2484375
0 0.4078125 0.2140625 0.0625 0.428125
0 0.5953125 0.05234375 0.134375 0.1046875
0 0.50859375 0.1 0.1390625 0.2
0 0.8046875 0.10078125 0.1375 0.2015625
0 0.33133089213197076 0.8599702369703215 0.13415142921692808 0.26966614474715095
0 0.25 0.79921875 0.125 0.2203125
0 0.675 0.84453125 0.2125 0.3109375
0 0.70703125 0.84453125 0.2203125 0.3109375
0 0.6546875 0.834375 0.1375 0.290625
0 0.93203125 0.85078125 0.1359375 0.2984375
0 0.91015625 0.84453125 0.1453125 0.3109375