0 0.30703125 0.03359375 0.0984375 0.0671875
0 0.37734375 0.06953125 0.1046875 0.1390625
0 0.3546875 0.03828125 0.103125 0.0765625
2 0.39140625 0.27734375 0.0765625 0.1421875
0 0.5373930921875 0.5296875 0.550580853125 0.4781005109375 0.564099340625 0.40879209375 0.6190431078125 0.1823850578125 0.660792571875 0.03550005625 0.6559764625 0.02095401875 0.6409691359374999 0.013241210937500001 0.6037529921875 0.0084983296875 0.5739597937500001 0.023472104687500002 0.5751538015625 0.0845123484375 0.5639473171875 0.143010403125 0.53894219375 0.251952209375 0.5052480515625 0.3682101578125 0.4694343640625 0.5296875 0.5373930921875 0.5296875
0 0.5180811000000001 0 0.49580101093749995 0.10617418281249999 0.44911802968750003 0.261582609375 0.4301657328125 0.3638050203125 0.4296875 0.36581745468750004 0.4296875 0.5296875 0.46885823125000003 0.5296875 0.474159084375 0.5151465828124999 0.49340621406250007 0.428905153125 0.5386310234375 0.26436276875 0.5705868359374999 0.12010619687499999 0.5672716109375 0.0323884453125 0.56993715 0.026024334375000003 0.5797454796875 0.020512220312500003 0.5849892484375 0 0.5180811000000001 0
0 0.6890625 0.30859375 0.184375 0.4421875
0 0.8107422256469755 0.231701382301953 0.12705697240056466 0.29900233603812654
0 0.0578125 0.76875 0.115625 0.321875
0 0.14015085632737065 0.8160196554338663 0.10683420129724616 0.21430005357072232
0 0.1602746213449044 0.6265850085181214 0.08745690990138844 0.17803527110331832
0 0.03046875 0.603125 0.0609375 0.146875
0 0.121875 0.5796875 0.084375 0.1
0 0.1941974281620377 0.7802554792971282 0.10675238068039512 0.20961255357072234
0 0.7947763064100963 0.7811110470746054 0.12900130194586942 0.3209046095770768
0 0.7108007268647916 0.7577769127407622 0.09268988068039512 0.20936709172016937
0 0.940625 0.828125 0.11875 0.340625
0 0.8798916461016708 0.780253704947399 0.07476599512873605 0.16687958279171564
0 0.96953125 0.8546875 0.0609375 0.203125
0 0.753564925322664 0.7468081850618965 0.09436147483619664 0.21564436525911973