0 0.4640625 0.234375 0.075 0.290625
0 0.56015625 0.24453125 0.0578125 0.2171875
0 0.34921875 0.2453125 0.0734375 0.26875
0 0.23046875 0.30625 0.0640625 0.146875
0 0.22123317398810688 0.1506073793134247 0.055141068260559666 0.17191855866619027
0 0.2640625 0.065625 0.053125 0.13125
0 0.5078125 0.078125 0.053125 0.15625
0 0.17421875 0.2859375 0.0609375 0.1875
0 0.615625 0.17578125 0.053125 0.3234375
0 0.7051769925310152 0.16509730614517487 0.0663207629424182 0.23027736188449904
0 0.64375 0.03671875 0.059375 0.0734375
0 1 1 1 0.534294753125 0.991673890625 0.6042233546875 0.9875135531250001 0.6695298671875 0.9663598562499999 0.846517028125 0.9538182046875001 1 1 1
0 0.66796875 0.80078125 0.0703125 0.3984375
0 0.771142168726435 0.6670086394528834 0.05218266823232476 0.20127827673520518