0 0.37538169606395577 0.17428924154279485 0.10305191542211815 0.3315677893919517
0 0.2716358983479479 0.18616063901078092 0.09918993102595035 0.3173232788686079
0 0.47422530981333716 0.20263332039728538 0.08704405585660827 0.20445925782192056
0 0.21171875 0.0296875 0.0484375 0.059375
0 0.171875 0.0625 0.065625 0.125
0 0.1320411318396045 0.16790492072198634 0.05900758706427274 0.17478716837349922
0 0.1824848671402834 0.20900733383381373 0.07939533016686777 0.20712923151356133
0 0.9015625 0.2203125 0.190625 0.278125
0 0.6609375 0.18515625 0.103125 0.3484375
0 0.74140625 0.2640625 0.1140625 0.190625
0 0.925 0.19140625 0.146875 0.3359375
0 0.2796875 0.6796875 0.21875 0.640625
0 0.18705618046012348 0.6764454628153611 0.11543680800431488 0.47871580517696727
0 0.44921875 0.69453125 0.2015625 0.6109375
0 0.5765625 0.6109375 0.065625 0.503125
0 0.5493581066248339 0.664055938784902 0.11313067955561226 0.49415879465362345
0 0.921875 0.61640625 0.15625 0.5140625
0 0.62890625 0.58359375 0.0390625 0.4390625
0 0.6578125 0.465625 0.065625 0.2125