0 0.1744171752572102 0.32804584148256005 0.10812261397040128 0.32992614357108563
0 0.09710978669352865 0.3276566004056297 0.0856385599120669 0.22358105518880328
0 0.2533552415139889 0.3165979333893273 0.05395222267624522 0.14621307178554285
0 0.31328125 0.3484375 0.0921875 0.303125
0 0.27685637402754626 0.30388444583688196 0.06518061416679295 0.19704186597668408
0 0.6514665303488169 0.07055172758046849 0.04092498184962743 0.05464087842423861
0 0.7286602894240032 0.09047221865739878 0.03936248184962743 0.054522479254075586
0 0.19137235021983284 0.7379330948065522 0.11062037919390769 0.2223504419114118
0 0.24296875 0.57890625 0.0765625 0.1578125
2 0.05078125 0.96328125 0.1015625 0.0734375
2 0.25390625 0.95625 0.1640625 0.0875
0 0.6578125 0.8921875 0.1375 0.215625
0 0.434375 0.925 0.11875 0.15
0 0.6877762141902342 0.6591765196970172 0.08215903590796181 0.16240675684847722
0 0.5713199672152962 0.6765910078741625 0.06959540339440444 0.15052206348717306