0 0.13515625 0.03359375 0.0578125 0.0671875
0 0.2203125 0.1625 0.0875 0.325
0 0.2609375 0.1390625 0.05625 0.278125
0 0.06875 0.04921875 0.059375 0.0984375
0 0.4546875 0.275 0.13125 0.55
0 0.41640625 0.23359375 0.0546875 0.4671875
0 0.93359375 0.24375 0.1296875 0.4875
0 0.609375 0.17421875 0.08125 0.3484375
0 0.71953125 0.05 0.0609375 0.1
0 0.24375 0.6515625 0.090625 0.203125
0 0.1203125 0.64765625 0.078125 0.1953125
0 0.30234375 0.659375 0.0703125 0.21875
0 0.21171875 0.93125 0.0828125 0.1375
0 0.42578125 0.64609375 0.0734375 0.1921875
0 0.67109375 0.60234375 0.0515625 0.1046875
0 0.5090951672115797 0.6311496777510269 0.05139095048646736 0.08114235141192587
0 0.5473530978125446 0.678380030416594 0.03269549756436803 0.08372178213245363