0 0.31321505334804095 0.29772483928783267 0.07911822745980875 0.19028980925276534
0 0.38628233395100275 0.4731554874213936 0.0862415227450791 0.20914890340856668
0 0.4838251139347921 0.4018650941590966 0.11608318817039454 0.34705800649282176
0 0.5375 0.34375 0.025 0.325
0 0.53828125 0.15234375 0.0234375 0.1796875
0 0.31380586641599156 0.444708933443634 0.07515847353086738 0.20583298863591432
0 0.803125 0.15390625 0.15625 0.3078125
0 0.74140625 0.13671875 0.1328125 0.2734375
0 0.14453125 0.85859375 0.0859375 0.1984375
0 0.26015625 0.8625 0.1234375 0.20625
0 0.36640625 0.84375 0.1140625 0.16875
0 0.46640625 0.80703125 0.0890625 0.0953125
0 0.08828125 0.83984375 0.0953125 0.1609375
0 0.6671875 0.78203125 0.090625 0.0453125
0 0.628125 0.94375 0.06875 0.1125
0 0.74765625 0.803125 0.0671875 0.0875
0 0.8109375 0.90078125 0.0875 0.1984375
0 0.7859375 0.90625 0.090625 0.1875