0 0.35435607141149644 0.12577786764275486 0.06651698002863507 0.21280152837152996
0 0.45078125 0.1171875 0.1015625 0.234375
0 0.28828125 0.01953125 0.0609375 0.0390625
0 0.27734375 0.1078125 0.0671875 0.215625
0 0.6625 0.09140625 0.053125 0.1828125
0 0.58671875 0.07578125 0.0546875 0.1515625
0 0.5449719807447236 0.120292397267926 0.042406770687453486 0.15430706677218958
0 0.48984375 0.63671875 0.0390625 0.6265625
0 0.14140625 0.71796875 0.1984375 0.5640625
0 0.0671875 0.68671875 0.134375 0.6265625
0 0.23626859540099687 0.6898032637235465 0.10191122939208822 0.4356312746106063
0 0.30906920138445226 0.5700878087881239 0.07047832137172563 0.28476745658477537
0 0.8234375 0.30234375 0.071875 0.1265625
0 0.6533266366963624 0.40862747156196305 0.08590332670272574 0.2680345976510021
0 0.5997027447087708 0.4984424778301692 0.0821794373806342 0.3507107053311341
0 0.86640625 0.390625 0.0734375 0.303125