0 0.471875 0.115625 0.05625 0.23125
0 0.40859375 0.084375 0.0609375 0.16875
0 0.534375 0.1328125 0.05 0.178125
0 0.3359375 0.05625 0.065625 0.1125
0 0.61171875 0.2317427892588526 0.0546875 0.2857141015172088
0 0.75703125 0.3436045447188644 0.0453125 0.18494882697140155
0 0.8796875 0.36171875 0.05625 0.2140625
0 0.4125 0.796875 0.109375 0.40625
0 0.0671875 0.8265625 0.065625 0.346875
0 0.1609375 0.7294308612292844 0.0453125 0.16932382697140155
0 0.634375 0.6209963500193967 0.05625 0.29521664727484326
0 0.72265625 0.6633589353257479 0.0578125 0.1781566930324779
0 0.7765625 0.6865092639641394 0.046875 0.205388872729036