0 0.07734375 0.30390625 0.1546875 0.4921875
0 0.15817775441101406 0.34487217096478595 0.1693253686106214 0.3766111668924562
0 0.27265625 0.3765625 0.2203125 0.484375
0 0.24439961669005744 0.14168189394099304 0.09289790818602892 0.13731629353213642
0 0.559375 0.18046875 0.08125 0.2265625
0 0.53046875 0.12734375 0.0234375 0.2484375
0 0.6114642859573628 0.19753350350650295 0.1333325576656307 0.25474281094499085
0 0.6665745098380811 0.24606617876670214 0.11319047602842484 0.22719766508343398
0 0.0984375 0.83515625 0.196875 0.3296875
0 0.15234375 0.90234375 0.3046875 0.1953125
0 0.3671875 0.9109375 0.221875 0.178125
0 0.28828125 0.93515625 0.2015625 0.1296875
0 0.8734375 0.6921875 0.1625 0.146875
0 0.94765625 0.69765625 0.1046875 0.1578125
0 0.77890625 0.675 0.1046875 0.1125
0 0.74140625 0.6484375 0.1046875 0.059375