0 0.07790891490547769 0.18647367524374445 0.07464651775758915 0.2099493130112659
0 0.1890625 0.15078125 0.103125 0.3015625
0 0.3 0.134375 0.096875 0.26875
0 0.3921875 0.09765625 0.078125 0.1953125
0 0.0421875 0.04921875 0.06875 0.0984375
0 0.0296875 0.1546875 0.059375 0.2125
0 0.41796875 0.0625 0.0640625 0.125
0 0.61796875 0.17578125 0.0765625 0.3515625
0 0.7008555355151783 0.1526515708623178 0.07786242134838535 0.22566524122451134
0 0.609375 0.03671875 0.059375 0.0734375
1 0.0949726532962086 0.718442740762293 0.023610216822512697 0.03036946159934022
1 0.09441866227319902 0.7574825087089816 0.028352258976990452 0.03988085391920819
2 0.09109769867214013 0.5894455625490476 0.025181807181592398 0.03197742570596289
0 0.82421875 0.78828125 0.1484375 0.4234375