0 0.5046875 0.17109375 0.128125 0.3421875
0 0.3859375 0.21953125 0.21875 0.4390625
0 0.2733538587441492 0.20570104836328262 0.14850907315515488 0.3507849131695506
0 0.09296875 0.225 0.1828125 0.428125
0 0.2109375 0.175 0.1625 0.35
0 0.17101010874414918 0.20272314937949698 0.15577774509426517 0.3759667695960413
0 0.81640625 0.25625 0.2296875 0.365625
0 0.85703125 0.21953125 0.2859375 0.4390625
0 0.37578125 0.64375 0.2234375 0.409375
0 0.25313685923844076 0.6160177373970808 0.1499442391627662 0.3477053772761732
0 0.13359375 0.66640625 0.2203125 0.4546875
0 0.0453125 0.63125 0.090625 0.384375
0 0.41875 0.5671875 0.1625 0.25625
0 0.28359375 0.54296875 0.1453125 0.2078125
0 0.93984375 0.88046875 0.1203125 0.2296875
2 0.5984375 0.7640625 0.059375 0.084375