0 0.225 0.08046875 0.10625 0.1609375
0 0.153125 0.0765625 0.096875 0.153125
0 0.28359375 0.03125 0.0671875 0.0625
0 0.34921875 0.06484375 0.1109375 0.1296875
0 0.09296875 0.09765625 0.1203125 0.1953125
0 0.18515625 0.040625 0.0796875 0.08125
0 0.25 0.01953125 0.06875 0.0390625
2 0.27107282281923684 0.2584714487337235 0.06395403663473136 0.1188696719450391
2 0.6171875 0.17109375 0.05625 0.0671875
2 0.65703125 0.30546875 0.0859375 0.0671875
0 0.2328125 0.6671875 0.265625 0.65625
0 0.4953125 0.6625 0.1875 0.646875
0 0.1044928324301753 0.6605664608079174 0.16503401628120073 0.44007473370266403
0 0.3863569860936485 0.6406641716158348 0.17826435662483392 0.4841429824490227
0 0.1625 0.48984375 0.1375 0.3015625
0 0.2921875 0.51015625 0.1625 0.3421875
0 0.3852072438955645 0.6477181536691461 0.1771112924004825 0.4919100183424
0 0.53515625 0.57265625 0.1078125 0.4671875
0 0.872191587518558 0.7213435217741193 0.04479460085908258 0.11051160266556703
0 0.8538477012679394 0.6992555731069029 0.05178158525525056 0.12475595909205772
0 0.8150341847595961 0.7105256937191585 0.05178158525525038 0.12475595909205772
0 0.7948478375185579 0.7235939950519421 0.05153592378986112 0.12006845909205772
0 0.7610969572608332 0.7573385092377071 0.05178158525525038 0.12475595909205772
0 0.8088295296257847 0.546113852732074 0.033454309135968606 0.0727388180258309
2 0.7489289071699761 0.5876397746771131 0.04274742198083885 0.07144910266556703
2 0.8231410131174414 0.5558381937191585 0.03099105042954129 0.05550585391920819
2 0.8727094866594752 0.8305366653476286 0.0374048247398008 0.05881271034569906
2 0.8760558146786366 0.9006445768678265 0.035596663274411536 0.05407974623907634
2 0.8865672687716509 0.8340337383880245 0.02564845318850324 0.04286946159934022