0 0.446875 0.34533153908452646 0.1375 0.29077916542531546
0 0.38828125 0.2785293368509961 0.1375 0.27827916542531544
0 0.50625 0.4144411040145039 0.1046875 0.18300089867609248
0 0.3203125 0.24966378226010094 0.103125 0.19230312406898661
0 0.55234375 0.4435442531048811 0.1 0.1843450748547749
0 0.58515625 0.271875 0.0484375 0.2
0 0.9040510921875 0.1585439171875 0.889325209375 0.149435928125 0.8798246421875 0.150854575 0.8721378234374999 0.16319506718750001 0.84177921875 0.2525870671875 0.802740553125 0.3525262859375 0.7944923421875 0.38242489218750003 0.7982493875000001 0.39248550781249997 0.8051157078125 0.3961428640625 0.8243327640625001 0.3904180546875 0.8708423203125001 0.2558994375 0.9078081390625 0.1686045296875 0.9040510921875 0.1585439171875
0 0.8489330140625 0.4670362984375 0.945760596875 0.22187089843750002 0.9100678765625 0.20233097656250001 0.8248998015625 0.4199942984375 0.8489330140625 0.4670362984375
0 0.91015625 0.41907725413833835 0.1109375 0.21141699710451575
0 0.95546875 0.45625 0.0890625 0.203125
0 0.978125 0.36640625 0.04375 0.2640625
0 0.80234375 0.22175495202864254 0.096875 0.18263702564056317
0 0.278125 0.85234375 0.346875 0.2953125
0 0.2078125 0.8296875 0.309375 0.340625
0 0.359375 0.8828125 0.19375 0.234375
0 0.48046875 0.88515625 0.1046875 0.2296875
0 0.95234375 0.69765625 0.0953125 0.0765625
0 0.87578125 0.746875 0.1421875 0.175