0 0.3671875 0.440625 0.115625 0.496875
0 0.4796557379660407 0.4457241951947567 0.22404968074935513 0.45298344889756964
0 0.6265625 0.39453125 0.325 0.5890625
0 0.7834828423772624 0.3885779635277773 0.2483277899409389 0.4909925951740973
0 0.8859375 0.34453125 0.228125 0.6671875
0 0.95078125 0.21953125 0.0984375 0.4390625
0 0.43338510795496604 0.2731049659963192 0.18991690777039594 0.35857883225631965
0 0.81328125 0.14921875 0.1984375 0.2984375
2 0.0974209222683653 0.8515332116279162 0.18312908235511322 0.20396406743868073
0 0.76484375 0.8375 0.1734375 0.296875
0 0.77109375 0.79375 0.1765625 0.209375
2 0.85390625 0.9578125 0.1234375 0.084375