0 0.0515625 0.14609375 0.103125 0.2921875
0 0.1265625 0.13125 0.1875 0.2625
0 0.1984375 0.15078125 0.153125 0.3015625
0 0.31328125 0.19921875 0.2171875 0.3984375
0 0.42836742367831954 0.19594366108659847 0.14532130257724774 0.33409251778268023
0 0.5015625 0.2296875 0.115625 0.459375
0 0.50859375 0.153125 0.1015625 0.30625
0 0.6856044390625 0.56875 0.70561024375 0.5025212609375 0.72278536875 0.43207961875 0.78969221875 0.2010920390625 0.8392131562499999 0.050737970312500005 0.8351516421875 0.0365777203125 0.8205235375000001 0.0300842453125 0.7834936375 0.028371718750000004 0.7528653593750001 0.0457800125 0.750860925 0.1067508671875 0.7365684874999999 0.1661888140625 0.70580940625 0.2772179421875 0.6659631359375 0.39627457499999996 0.6194644406250001 0.56875 0.6856044390625 0.56875
0 0.7050536265625 0 0.6702392500000001 0.13488859687500002 0.6153296218750001 0.2941719859375 0.59098583125 0.3979854390625 0.559375 0.5089692484375 0.559375 0.56875 0.6178194125 0.56875 0.627117884375 0.545811428125 0.650919090625 0.45796223906250005 0.7048470078125 0.28965952968750003 0.74442005 0.142733121875 0.7456984578125 0.0552454078125 0.7487021515625 0.048661190625 0.7588159421875 0.0423473328125 0.771607859375 0 0.7050536265625 0
0 0.8637051373822724 0.3168555903656528 0.16841132179912482 0.4177783130679506
0 0.94375 0.278125 0.1125 0.36875
0 0.72109375 0.60703125 0.1578125 0.0765625