0 0.13984375 0.2890625 0.2046875 0.5
0 0.421875 0.2859375 0.209375 0.50625
0 0.0421875 0.334375 0.084375 0.409375
0 0.14296875 0.20078125 0.1359375 0.4015625
0 0.27421875 0.22890625 0.1671875 0.4578125
0 0.490625 0.26953125 0.078125 0.5390625
0 0.65 0.26953125 0.221875 0.5390625
0 0.809375 0.19609375 0.14375 0.3921875
0 0.75234375 0.20625 0.1296875 0.4125
0 0.00859375 0.69140625 0.0171875 0.1296875
0 0.030930184635592363 0.6627612890800172 0.041861330681090256 0.10814213978475226
0 0.061617110638137705 0.6454303939185815 0.03717383068109026 0.10792381596343467
0 0.09874494064291017 0.6119843471855692 0.04507723734881743 0.11610018899896399
0 0.0609375 0.5796875 0.028125 0.08125
0 0.03359375 0.57421875 0.0265625 0.0703125
0 0.0140625 0.5796875 0.028125 0.08125
0 0.8405195292409587 0.792014295490158 0.04029883068109026 0.1080693651776464
0 0.8586155485757769 0.7819137034718755 0.04048064401654479 0.1236943651776464
0 0.896242817910595 0.772722794042416 0.03721019334818117 0.11104881596343467
0 0.917045666573868 0.7987052512383451 0.034012468013999354 0.10465326674922296
0 0.8074161279042317 0.8154860287409351 0.038790874681726525 0.11268409057054055
2 0.9127292418841872 0.9681273393276862 0.036519302673454136 0.05167381596343468
2 0.8689365252625942 0.6338764638109577 0.01780566534054522 0.05392552067816432
2 0.7975246019255489 0.6579089691876412 0.022329533338636055 0.040081344499482086
2 0.9064979705601868 0.89904985359571 0.027089758672817866 0.0465496683207995
2 0.9267195638924595 0.907808423488086 0.02231135200509069 0.038518844499482084