0 0.03984375 0.2703125 0.0796875 0.31875
0 0.08045063629840107 0.23251148068544705 0.06690592531467203 0.14291701186299816
0 0.16584368463872715 0.22591662939285273 0.1480645273939089 0.33002969269935695
0 0.2028108883729936 0.2314198714841873 0.11117798880184519 0.21325868676785795
0 0.1176196721911725 0.20451647327107328 0.09197770290907385 0.18599584980971962
0 0.6984375 0.05 0.14375 0.1
0 0.79921875 0.046875 0.1046875 0.09375
0 0.8453125 0.03515625 0.159375 0.0703125
0 0.15505678214457186 0.7433255997725385 0.11203009378086701 0.20394735376405215
0 0.254867527995387 0.7314702455141947 0.15180483403260475 0.3177206936879401
0 0.3487592379534307 0.7463365587463369 0.15095272905358287 0.3270320266917457
0 0.43828125 0.59296875 0.0609375 0.1828125
0 0.41796875 0.75546875 0.1015625 0.2234375
0 0.5056718250000001 0.4296875 0.5208004734375 0.45522630781249995 0.5382831015625 0.5102426375 0.567236225 0.6151535125 0.5920225609375 0.73126833125 0.661088559375 0.9741670250000001 0.66707071875 1 0.7296837640625 1 0.717762240625 0.9362647953125001 0.6827388265625001 0.795235896875 0.662235590625 0.7299096171875 0.6046596156249999 0.5101136328125 0.5870406 0.4296875 0.5056718250000001 0.4296875
0 0.46875 0.4296875 0.46875 0.5548902265625 0.4934132296875 0.6764039562499999 0.5245128921875 0.7721682031249999 0.56928774375 0.9396766078125001 0.58303106875 0.973335209375 0.5902184625 0.97244121875 0.6151024375 0.9545968437500001 0.6270685484375 0.9338441640624999 0.63947169375 0.922819775 0.6398796499999999 0.91704994375 0.6333723234375 0.87120363125 0.6099747734375 0.7884780859375 0.5727466609375 0.6255995765625 0.5334010890625 0.48736581718750005 0.49763445781249993 0.4296875 0.46875 0.4296875
0 0.7328125 0.621875 0.196875 0.384375
0 0.79921875 0.50078125 0.1234375 0.1421875