0 0.24609375 0.1140625 0.0734375 0.228125
0 0.340625 0.0796875 0.059375 0.159375
0 0.134375 0.1328125 0.071875 0.265625
0 0.028125 0.153125 0.05625 0.215625
0 1 0.3390625 1 0.2395883359375 0.9887629859375 0.1159121703125 0.9860995828124999 0.03948691875 0.9783316265625001 0.0298465125 0.9477576328125 0.028812159375 0.9402608640625001 0.0330697328125 0.9385485750000001 0.0414303390625 0.9419648406250001 0.14842932656250002 0.9476925453125 0.2136980140625 0.9516375046875 0.3390625 1 0.3390625
0 0.5495199796875 0.3390625 0.540231175 0.2610739125 0.5277678734375 0.1069163375 0.5182269296875 0.094516334375 0.5016101921875 0.0919294609375 0.4654176609375 0.09930116562499999 0.442988053125 0.12319408750000001 0.46537703906249994 0.1813183359375 0.47537126875 0.24097692343750002 0.48826128124999996 0.3390625 0.5495199796875 0.3390625
0 0.49052420156250004 0.3390625 0.4735479234375 0.2168972453125 0.43988955 0.1338820859375 0.44014458125000006 0.12692855 0.44732562031250006 0.1185043109375 0.43929870937499993 0.043531582812500004 0.423718253125 0.033982082812499995 0.381785784375 0.02751944375 0.3796875 0.029545465625 0.3796875 0.0968731984375 0.399284628125 0.22749217187499998 0.406674403125 0.3390625 0.49052420156250004 0.3390625
2 0.6515625 0.240625 0.071875 0.196875
2 0.7359375 0.2234375 0.046875 0.23125
2 0.06097649524933715 0.8903388105904126 0.09067531203728052 0.1665340666772721
0 0.6812285344428789 0.44256602394972955 0.0663857070582587 0.17561816534054514
0 0.7771805744848352 0.46021605327023013 0.05523471950581325 0.15207157733927246
0 0.8660538203356503 0.46700130792491257 0.04967180373891082 0.18166817067154523
0 0.5897155406666562 0.4319017912953654 0.046570114526791426 0.1613374893379998
0 0.6359375 0.96796875 0.0625 0.0640625
0 0.6811515597621954 0.7717631752864567 0.0445107070582587 0.17536362667090888
0 0.5544767802936941 0.4518603026336834 0.05930691286711749 0.1646079400063633
0 0.947559654992955 0.8718791645846856 0.050240488801845194 0.2097749893379998
2 0.8771152551980921 0.7780842585932761 0.06830155933798814 0.07728975334181776