0 0.05703125 0.09140625 0.1140625 0.1828125
0 0.10625 0.1546875 0.121875 0.309375
0 0.2203125 0.1546875 0.184375 0.309375
0 0.340625 0.1859375 0.121875 0.246875
0 0.440625 0.16953125 0.1375 0.2796875
0 0.6921875 0.21328125 0.078125 0.1921875
0 0.7140625 0.25234375 0.06875 0.1140625
0 0.8625 0.2578125 0.053125 0.103125
0 0.91015625 0.2328125 0.0734375 0.153125
0 0.45241941547613856 0.5548422694850558 0.07568970258518881 0.17151253571381497
0 0.34341714718734984 0.6434019833642038 0.07805069863085592 0.15281708279171563
2 0.247481270191593 0.8519605515454227 0.09916169467652321 0.13444891233702042
0 0.59140625 0.70546875 0.1640625 0.4703125
0 0.5755067469970694 0.6820998392878327 0.10192323323126704 0.31717959172016935
0 0.625 0.75234375 0.171875 0.4953125
0 0.9081574209133461 0.6419428490303606 0.10412772037968576 0.2563239123370204
0 0.9390625 0.77890625 0.121875 0.4421875
0 0.97109375 0.81953125 0.0578125 0.3421875
0 0.7218697524342769 0.653782150165451 0.07792336463846716 0.14969208279171564
0 0.83924825342286 0.6470491347441756 0.10871706129215682 0.2923159594149211