0 0.0765625 0.2734375 0.11875 0.4125
0 0.21052025667026236 0.2629217090148369 0.09259245024782725 0.4003384896084398
0 0.2609375 0.3171875 0.08125 0.325
0 0.35859375 0.284375 0.0828125 0.390625
0 0.9625 0.040625 0.075 0.08125
0 0.81171875 0.05234375 0.0703125 0.1046875
0 0.7515625 0.0640625 0.075 0.128125
2 0.5879082722740946 0.23216301793312874 0.20989505766563052 0.26220434110137864
2 0.5015625 0.39140625 0.203125 0.1765625
2 0.91875 0.29296875 0.1625 0.3734375
0 0.925 0.62734375 0.15 0.2953125
0 0.521875 0.7171875 0.203125 0.475
0 0.45234375 0.6625 0.1046875 0.365625