0 0.44264762947565767 0.29496649161338195 0.06839847340929203 0.29206567363517094
0 0.34548420313906353 0.2673581601280556 0.07740945236260473 0.2863617052052021
0 0.5289722663497128 0.33370203889784145 0.06478908404557515 0.1766226841585148
0 0.3257170056851949 0.17605832594130594 0.060798805035792915 0.24179265785015555
0 0.25389594261571985 0.26515935232025234 0.0679896787556686 0.20483868942018651
0 0.56640625 0.353125 0.0265625 0.203125
0 0.9410032875375747 0.4065795548240314 0.030353899887060543 0.1201150789250777
0 0.9539737243975125 0.426148602179078 0.0305359104104042 0.12324007892507786
0 0.9056573217384416 0.3943301838055788 0.02962585779368574 0.10761507892507786
0 0.8871880427992466 0.4018773732963526 0.03155237884037314 0.1139560841867496
0 0.8524567270283484 0.4194520101704079 0.027517326223654593 0.09814907366340578
2 0.8821049716255022 0.27380558120297777 0.025985647326811724 0.045115078925077864
2 0.9490117505646974 0.2690795548240314 0.01726309471009326 0.02903505261671846
2 0.924021642912186 0.5231755206231643 0.021207142065139805 0.043279563140062295
2 0.9100886745528042 0.5874277364222973 0.02607665258848364 0.04667757892507751
2 0.9373561008188112 0.536494567978211 0.0197356473268119 0.0447510578783902
0 0.0828125 0.81484375 0.14375 0.3703125
0 0.36015625 0.834375 0.1453125 0.33125
0 0.10234375 0.75546875 0.0984375 0.2515625
0 0.2078125 0.88671875 0.121875 0.2265625
0 0.46875 0.81953125 0.103125 0.3609375
0 0.9390625 0.81484375 0.121875 0.3703125
0 0.8765625 0.81484375 0.0875 0.3703125