0 0.5265625 0.36953125 0.146875 0.5046875
0 0.46603765411198095 0.3121898624870501 0.1748075209219632 0.3490283130679506
0 0.3493126686558485 0.26472620347187537 0.2556424169888585 0.5193451211735024
0 0.23214127304799517 0.2117937944567007 0.1788572921337906 0.3414341368892682
0 0.1015625 0.16484375 0.203125 0.3296875
0 0.28203125 0.1109375 0.1609375 0.221875
0 0.54296875 0.2296875 0.1140625 0.334375
0 0.8375 0.31484375 0.325 0.6296875
0 0.784375 0.24296875 0.340625 0.4859375
0 0.93125 0.21015625 0.1375 0.4203125
0 0.44609375 0.859375 0.3078125 0.28125
0 0.09375 0.859375 0.1875 0.28125
0 0.11015625 0.81484375 0.1984375 0.1921875
0 0.97578125 0.85625 0.0484375 0.275
0 0.89609375 0.859375 0.2078125 0.28125
0 0.80703125 0.8140625 0.1734375 0.190625
0 0.66953125 0.796875 0.1390625 0.15625
0 0.778125 0.7859375 0.190625 0.134375