0 0.4109375 0.3 0.115625 0.334375
0 0.29453125 0.278125 0.1734375 0.4625
0 0.17936983321908548 0.3210342741314351 0.11842460990419416 0.3550545769491748
0 0.03359375 0.30546875 0.0671875 0.4078125
0 0.12107597636710903 0.2651910126986897 0.12828428878243797 0.39438989546082903
0 0.41953125 0.228125 0.0984375 0.434375
0 0.49609375 0.0265625 0.0546875 0.053125
0 0.5765625 0.02890625 0.075 0.0578125
0 0.66171875 0.03359375 0.0796875 0.0671875
0 0.5270327272716202 0.2954067915546303 0.07710248982323469 0.1617758029025577
0 0.8057995364075887 0.37688500316486095 0.08276599163225704 0.21032243030721923
2 0.7229250814100632 0.2835318180483181 0.05039614767057934 0.06882441106992569
0 0.13515625 0.5578125 0.0515625 0.096875
2 0.2285045375392425 0.5700843877410987 0.0354328889641522 0.051145837748947987
2 0.21484375 0.99140625 0.0328125 0.0171875
2 0.2875 0.98359375 0.028125 0.0328125
0 0.88984375 0.65078125 0.2203125 0.2828125
0 0.52734375 0.73515625 0.1171875 0.4515625