0 0.3421875 0.30859375 0.09375 0.5109375
0 0.2959997822555917 0.34140625 0.1567809627775004 0.346875
0 0.115625 0.36328125 0.19375 0.4109375
0 0.23213418134596892 0.2953125 0.17102755334804093 0.384375
0 0.1845164727022978 0.3296875 0.1436987659206535 0.334375
0 0.47734375 0.35390625 0.1765625 0.4296875
0 0.55234375 0.375 0.3203125 0.3875
0 0.8765625 0.28984375 0.246875 0.5578125
0 0.6009526478475229 0.34375 0.1689556310982999 0.3734375
0 0.86875 0.33515625 0.2 0.4671875
2 0.025 0.60234375 0.05 0.0671875
2 0.04101472166884044 0.6921875 0.06948205417661057 0.0828125
2 0.052363252271802364 0.86875 0.08732452564056317 0.096875
0 0.74609375 0.91875 0.1859375 0.1625