0 0.3190480199485412 0.2633674106075848 0.04081075721819456 0.21083934091247086
0 0.42740668702663154 0.21069734984690064 0.05658384042444471 0.3519736768820261
0 0.28515625 0.084375 0.0390625 0.16875
0 0.31484375 0.04453125 0.0453125 0.0890625
0 0.24884527593246486 0.22218931228073996 0.038340373859444644 0.2388370069200821
0 0.83359375 0.2453125 0.1140625 0.490625
0 0.6768092346136803 0.347896260911596 0.09753745516583372 0.4348153517868859
0 0.5948883938079859 0.272615076615196 0.06882796086541684 0.27442167984777566
0 0.0171875 0.7734375 0.034375 0.3875
0 0.1203125 0.746875 0.059375 0.334375
0 0.21543401709874957 0.7614839170333754 0.050297472833264224 0.3501565088972486
0 0.3359375 0.78984375 0.071875 0.4203125
0 0.46198170877812467 0.7856058024320893 0.04677242933027799 0.33284167490485983
0 0.97734375 0.83203125 0.0453125 0.3359375
0 0.55078125 0.85625 0.0828125 0.2875
0 0.66015625 0.88125 0.0578125 0.2375
0 0.75 0.85859375 0.0375 0.2828125