0 0.55625 0.165625 0.11875 0.33125
0 0.64921875 0.18828125 0.1015625 0.3765625
0 0.4296875 0.20234375 0.153125 0.4046875
0 0.3079634361118416 0.1820598390845662 0.1128374224148871 0.34049359604505725
0 0.209375 0.16328125 0.121875 0.3265625
0 0.10234375 0.21796875 0.1359375 0.4359375
0 0.61796875 0.1015625 0.0921875 0.203125
0 0.91484375 0.1609375 0.1703125 0.321875
0 0.13678625312349962 0.6563878497282281 0.09062869046151914 0.21149451089576327
0 0.2140625 0.68125 0.109375 0.303125
0 0.29001891951510217 0.7092893385803631 0.11560722490439801 0.33602461733238054
0 0.3482108504288517 0.7413480857303716 0.08641478714217125 0.217416728964778
0 0.43203125 0.66796875 0.1046875 0.2765625
0 0.45234375 0.63515625 0.1078125 0.2109375
0 0.721875 0.63359375 0.04375 0.2078125
0 0.7921875 0.62265625 0.115625 0.1859375
0 0.8984375 0.59375 0.125 0.128125