0 0.52578125 0.34609375 0.0484375 0.2859375
0 0.45234375 0.346875 0.0890625 0.284375
0 0.4588194061757843 0.1604663402808367 0.05031251324684405 0.10007441106992569
0 0.3632266200634495 0.3667584910991433 0.07228177168436431 0.1929166754978958
0 0.40031244701262436 0.26793161069925675 0.07317463828925294 0.263174611795565
0 0.78671875 0.18046875 0.1515625 0.3609375
0 0.7578125 0.18359375 0.08125 0.3671875
0 0.03359375 0.71328125 0.0671875 0.3484375
0 0.15 0.71640625 0.11875 0.4546875
0 0.2731472570867581 0.7117138709508758 0.0761210782151192 0.34754961179556504
0 0.40234375 0.7234375 0.1109375 0.46875
0 0.2765625 0.5265625 0.05625 0.075
0 0.58125 0.88671875 0.0625 0.1765625
0 0.6460515329474739 0.778358223127794 0.06668653611233459 0.21144842068857256
0 0.6754141399337155 0.7215005879185841 0.05282244355406327 0.1719494110699257