0 0.0296875 0.28203125 0.059375 0.5109375
0 0.7468921358957777 0.11910511985381689 0.09180408909937299 0.22884869629109836
2 0.551818751956854 0.09632828188503302 0.06093724212409217 0.07942855042954129
2 0.5324790784692135 0.1698509910664301 0.09151756242753395 0.09192190637700666
2 0.8080848563490008 0.15761874321413671 0.06186201333591956 0.07169793758467105
2 0.7756234295273804 0.24771479873206062 0.0641897878817268 0.0811548247398008
2 0.686115035127475 0.40229607813070284 0.08239765394280311 0.09455558344622812
2 0.4895425372535069 0.26332103007601065 0.18628767061270243 0.18557008706427283
0 0.35703125 0.58984375 0.1234375 0.0609375
0 0.834375 0.9484375 0.075 0.103125
0 0.23914379558845664 0.7097412494341732 0.07802888939893551 0.13633364767057934
0 0.7718768051313545 0.8059201243763727 0.11884482122152562 0.2551588907731743