0 0.3051921985996394 0.27481380792491256 0.11273854670590744 0.29033519334818114
0 0.24030354260822992 0.21229617393382122 0.11413741470399827 0.27629087468172653
0 0.3700626732575035 0.33889394191600386 0.09113517202418073 0.17916133601209036
0 0.1694916032781844 0.1889046746101389 0.08969994135899881 0.190080654678545
0 0.4197535905872309 0.3648746392425496 0.08648403469127146 0.18223179201145392
0 0.47099955927754794 0.19008317723586812 0.10069198535963508 0.19489542401336307
0 0.63359375 0.5296875 0.0484375 0.11875
0 0.64296875 0.5390625 0.0484375 0.1
0 0.61171875 0.5125 0.0234375 0.109375
2 0.80546875 0.00625 0.0421875 0.0125
2 0.60625 0.39140625 0.0125 0.0484375
2 0.6643030219207764 0.3956268419398664 0.022238626670908878 0.031504538669636165
0 0.03984375 0.79453125 0.0796875 0.4109375
0 0.12109375 0.79453125 0.2421875 0.4109375
0 0.23984375 0.79453125 0.2734375 0.4109375
0 0.47109375 0.79453125 0.2390625 0.4109375
0 0.38359375 0.79765625 0.1828125 0.4046875
0 0.8296875 0.778125 0.196875 0.378125
0 0.87421875 0.79453125 0.2515625 0.4109375