0 0.109375 0.503125 0.21875 0.5125
0 0.3421875 0.4875 0.19375 0.54375
0 0.27109375 0.5484375 0.1921875 0.421875
0 0.2979317254625979 0.37066157780882747 0.1597932383528967 0.34671182448483523
0 0.3859375 0.37734375 0.10625 0.4234375
0 0.45546875 0.25390625 0.0328125 0.2265625
0 0.47578125 0.10078125 0.0734375 0.1390625
0 0.584375 0.12734375 0.13125 0.2546875
0 0.6728177815463487 0.12813053569227875 0.11557849163225704 0.2157452444009226
0 0.48046875 0.56171875 0.0828125 0.2234375
0 0.621875 0.8328125 0.1125 0.146875
2 0.459375 0.8546875 0.040625 0.084375
2 0.4796875 0.92890625 0.08125 0.1015625
2 0.6956112296464694 0.799478275118824 0.06626680913596861 0.07661096680652095
2 0.7199738217991247 0.8931457647458616 0.0699650192218769 0.08778526514684692
2 0.5125 0.96484375 0.146875 0.0703125