0 0.13046875 0.2 0.2609375 0.4
0 0.203125 0.19609375 0.20625 0.3921875
0 0.05625 0.11953125 0.1125 0.2390625
2 0.6046875 0.01640625 0.065625 0.0328125
0 0.14609375 0.7 0.2921875 0.6
0 0.04140625 0.73203125 0.0828125 0.4765625
0 0.26328125 0.5875 0.0921875 0.375
0 0.04140625 0.73984375 0.0828125 0.4828125
0 0.16328125 0.64296875 0.2546875 0.4859375
0 0.6171875 0.771875 0.253125 0.45625
0 0.71484375 0.7 0.4359375 0.6
0 0.86796875 0.703125 0.2640625 0.59375
0 0.9625 0.66015625 0.075 0.5203125
0 0.94765625 0.6859375 0.1046875 0.53125