0 0.32109375 0.05859375 0.0984375 0.1171875
0 0.34453125 0.11171875 0.1359375 0.2234375
0 0.36171875 0.1421875 0.1328125 0.284375
0 0.4200655528904962 0.227570789720808 0.09893809793005204 0.19464256175762476
0 0.4987951267506315 0.17616976260291928 0.14844303569227862 0.3130121285298145
0 0.5734375 0.15 0.13125 0.3
0 0.4368181128531844 0.057925879454251296 0.07225535352912935 0.08940949247815269
0 0.68359375 0.16796875 0.0890625 0.1515625
2 0.8890625 0.1046875 0.221875 0.2
2 0.8505818470816374 0.2951507463055833 0.28726689212119305 0.21103575455234652
0 0.3308184118182103 0.7902693665221276 0.12438838382282338 0.22188702335696497