0 0.9625 0.1984375 0.075 0.396875
0 0.846875 0.16015625 0.075 0.3203125
0 0.728125 0.21171875 0.109375 0.4234375
0 0.6109375 0.175 0.075 0.35
0 0.42578125 0.203125 0.0859375 0.40625
0 0.56328125 0.15625 0.0796875 0.3125
0 0.51484375 0.15078125 0.0703125 0.3015625
0 0.8859375 0.13359375 0.090625 0.2671875
0 0.26171875 0.715625 0.1171875 0.453125
0 0.3125 0.74453125 0.1125 0.5109375
0 0.7677902759307544 0.575358836369508 0.022949418184115444 0.09192668414544114
0 0.7880034875300946 0.5506697169988914 0.02387542069139794 0.07015181369509049
0 0.8061253502247915 0.5978555976282749 0.01968802586424747 0.08703892504614252
0 0.80703125 0.53203125 0.0203125 0.0859375
0 0.81796875 0.51640625 0.0265625 0.0546875
0 0.9183358452102267 0.5469963996031731 0.022949418184115444 0.09192668414544114