0 0.03359375 0.23671875 0.0671875 0.4453125
0 0.11640625 0.115625 0.0984375 0.23125
0 0.19453125 0.20234375 0.1671875 0.4046875
0 0.3046875 0.2046875 0.16875 0.409375
0 0.35546875 0.16953125 0.1328125 0.3390625
0 0.03203125 0.196875 0.0640625 0.190625
0 0.7685339460282774 0.1008582865540781 0.07926377667402047 0.19669332973421944
0 0.8131401246881591 0.13326097393872177 0.06868584160399785 0.13681768198597286
0 0.9489470380465599 0.07127450879475683 0.05298806699689216 0.1342538864894797
0 0.9703125 0.0609375 0.059375 0.121875
0 0.93671875 0.35078125 0.1078125 0.2171875
2 0.98515625 0.2078125 0.0296875 0.090625
2 0.8679882522718024 0.3687385965485408 0.05000430810555194 0.07019138648947951
2 0.8496577832890491 0.39577146591915724 0.058471779569504535 0.08475453423772628
0 0.02109375 0.67890625 0.0421875 0.4390625
0 0.15625 0.590625 0.16875 0.2625
0 0.08984375 0.55703125 0.1359375 0.1953125
0 0.321875 0.57109375 0.109375 0.2234375
0 0.278125 0.59921875 0.171875 0.2796875
0 0.8696473656249999 0.459375 0.8860414625 0.5292793515625001 0.9044412453125 0.591718525 0.9445945828125 0.7632890875 1 0.9648135124999999 1 0.7510457921875 0.96915835625 0.6331217734375001 0.9248474218750001 0.48446908437499997 0.9188844875000001 0.459375 0.8696473656249999 0.459375
0 0.6072265531250001 1 0.59134380625 0.9582310281249999 0.5181010921875 0.7358271843749999 0.509375 0.7054368999999999 0.509375 0.9164370546875 0.5209503203125 0.95754109375 0.5358665125 1 0.6072265531250001 1
0 0.646875 0.78671875 0.16875 0.4265625
0 0.6776178475998539 0.6081305660114423 0.0854024607105858 0.16125647748246602