0 0.1984375 0.14296875 0.021875 0.2078125
0 0.475 0.36953125 0.084375 0.4203125
0 0.4553888295034372 0.3725898094746528 0.0404860617390975 0.3314071302577248
0 0.5203125 0.37890625 0.08125 0.4015625
0 0.77734375 0.38203125 0.0859375 0.3953125
0 0.8640625 0.3953125 0.08125 0.36875
0 0.9125 0.45078125 0.05 0.2578125
0 0.59685028410059 0.3440221534363305 0.04829464247680555 0.13049972749876285
0 0.7132935549021525 0.31492555291593216 0.04949738582729193 0.31627345318850325
0 0.01640625 0.825 0.0328125 0.134375
0 0.028100284100590046 0.6750884469684669 0.047567290653194406 0.09924972749876275
0 0.00703125 0.959375 0.0140625 0.075
0 0.031855838052812044 0.9506207134768102 0.039100174011944586 0.07071529172311415
0 0.51328125 0.790625 0.0859375 0.41875
0 0.48774804103444414 0.8124335594746528 0.0404860617390975 0.3314071302577248
0 0.5578125 0.80078125 0.08125 0.3984375
0 0.81171875 0.815625 0.0859375 0.36875
0 0.9046875 0.825 0.08125 0.35
0 0.95078125 0.87890625 0.0484375 0.2421875
0 0.6313895914712845 0.7910199841690251 0.04829464247680555 0.13049972749876276
0 0.7509033108860762 0.7644309079588864 0.059162020135972423 0.2621591632744115