0 0.0484375 0.3359375 0.096875 0.1875
0 0.1453125 0.28515625 0.196875 0.2890625
0 0.27109375 0.31640625 0.1328125 0.2265625
0 0.39296875 0.25859375 0.1953125 0.3421875
0 0.33515625 0.28125 0.1140625 0.296875
0 0.721875 0.06171875 0.14375 0.1234375
0 0.85703125 0.03671875 0.1609375 0.0734375
0 0.91875 0.0375 0.14375 0.075
0 0.68359375 0.128125 0.0671875 0.25625
0 0.50859375 0.63671875 0.2515625 0.4140625
0 0.12890625 0.71484375 0.2578125 0.5703125
0 0.06796875 0.71484375 0.1359375 0.5703125
0 0.1765625 0.64453125 0.165625 0.4296875
0 0.2375 0.53515625 0.103125 0.2109375
0 0.686042122211469 0.7855268711988759 0.04960620181924558 0.09245112041330898
0 0.66171875 0.66171875 0.0234375 0.0703125
0 0.6546875 0.86640625 0.009375 0.0609375