0 0.465625 0.3609375 0.078125 0.15625
0 0.5109375 0.3453125 0.09375 0.1875
0 0.5452017834435945 0.3410233378799442 0.06495800050420311 0.14942211124870503
0 0.56796875 0.35546875 0.0921875 0.1671875
0 0.37007074346683755 0.30872660649119404 0.11428029333095147 0.23114730024766902
0 0.42174250411049935 0.31269066852568733 0.09603303788307009 0.19291955417661039
0 0.46990149866261766 0.27755584325662774 0.051977399263365955 0.09742296360606986
0 0.2886736419738988 0.6333392704687675 0.10134325075630457 0.2243151033908221
0 0.22348033070981846 0.6030481488809802 0.08858117080279086 0.17544095574818694
0 0.12696060979081203 0.5479368097581817 0.09759553788306992 0.19299232878371625
0 0.0640625 0.55546875 0.128125 0.2328125
0 0.01796875 0.56171875 0.0359375 0.2265625
0 0.1265625 0.94765625 0.078125 0.1046875
0 0.0609375 0.86484375 0.121875 0.2703125
0 0.29769871673163256 0.7178598196829792 0.11638909654926018 0.2390325748547749
0 0.9640625 0.71953125 0.071875 0.5609375
0 0.73671875 0.71953125 0.1359375 0.5609375
0 0.75234375 0.625 0.1671875 0.371875
0 0.85 0.53046875 0.1125 0.1828125