0 0.4725687980546921 0.16874959455954314 0.06404256784239584 0.09009889448011296
0 0.5515159916322571 0.17090815827653535 0.08294969810012062 0.12321140340856669
0 0.635890991632257 0.17238092937985366 0.06404256784239593 0.09009889448011296
0 0.48971975576575116 0.33218084902377 0.061982100859082664 0.11035684740221222
0 0.4828125 0.45234375 0.0875 0.0953125
0 0.57109375 0.440625 0.0890625 0.11875
0 0.63671875 0.44140625 0.0609375 0.1171875
0 0.68515625 0.44140625 0.0515625 0.1171875
0 0.6605335447753318 0.3000383250777826 0.056721390773174465 0.09933752678536116
0 0.4109375 0.1953125 0.021875 0.078125
0 0.4326066186106214 0.32962286485208264 0.055650213703952914 0.10868525324641087
0 0.38984375 0.76171875 0.0203125 0.3265625
0 0.33095666666531354 0.8260632625786064 0.08013231456303557 0.2183875357138149
0 0.2609739580497433 0.6375132313290183 0.07043640999505119 0.18231366801906326
0 0.26484375 0.55546875 0.0671875 0.1109375
0 0.38203125 0.56484375 0.0359375 0.0890625
0 0.26073269787297804 0.7967382268647916 0.09221623473485199 0.24045345048646743
0 0.7200822851643933 0.6831820616851021 0.13159963930283639 0.27704551542127553
0 0.6233511273170487 0.7735967816533298 0.08063028154634874 0.19810230925276526
0 0.8578622461548129 0.7207111095737815 0.14048331637205785 0.26783415665497756