0 0.8222560900174571 0.09753972122887741 0.06699553667377885 0.19086310217691818
0 0.90859375 0.134375 0.0890625 0.26875
0 0.9671875 0.15078125 0.065625 0.2359375
0 0.20393704046680067 0.4114137374709463 0.0659112687959313 0.21575397477225647
0 0.2875 0.421875 0.08125 0.30625
0 0.3671704930421761 0.4069866762156861 0.04658744182452992 0.1698958377489479
0 0.45546875 0.43515625 0.0890625 0.3328125
0 0.48046875 0.4515625 0.0390625 0.215625
0 0.24738415152690701 0.3996875529873757 0.06638950091808393 0.2406994110699257
2 0.38450048275037235 0.7051786395551973 0.07802888939893542 0.13515873920022692
0 0.51015625 0.40859375 0.0203125 0.2796875
0 0.5595015142540035 0.3786161395551973 0.04735271637033698 0.17927083774894798
0 0.64765625 0.41953125 0.0828125 0.3015625
0 0.6935415454677705 0.4269222086998237 0.06253117728066222 0.21251984736759483
2 0.5837830056291896 0.6856201077040318 0.0732457945496865 0.11473711179556503