0 0.09285060837621568 0.31287532068369706 0.09709712480937523 0.2146938527754692
0 0.27931674486909774 0.41023177623463514 0.11723039969500029 0.3419566897336074
0 0.19601262917777823 0.3522017589344296 0.11566789969500028 0.34189302273741295
0 0.33046875 0.46484375 0.0578125 0.2140625
0 0.775532434375 0.7796875 0.7839038640625 0.7668021265625 0.8083765312499999 0.638848678125 0.8347425656249999 0.5324460484375 0.8582821124999999 0.409902890625 0.8820983390624999 0.257873796875 0.8980101859375 0.1842035734375 0.8927098499999999 0.1731127015625 0.8628988609375 0.1647277203125 0.8544953640624999 0.1669822578125 0.8507845875000001 0.1745567390625 0.8281998578125 0.277622925 0.8180060765625001 0.34137415781249997 0.7806759 0.511347703125 0.7364449875 0.7585078625 0.7384305796875 0.7702300359375001 0.7420491281249999 0.7724842 0.7728234953124999 0.7796875 0.775532434375 0.7796875
0 0.359375 0.689258203125 0.3752801703125 0.5754822093749999 0.38101450625 0.5050584578125 0.410424015625 0.27412954218749996 0.43554769374999996 0.12381366093749999 0.4291731875 0.10965700781250001 0.4134620625 0.10316518125 0.37608846875 0.10145308906249999 0.359375 0.1118986703125 0.359375 0.689258203125
0 0.4916693148732295 0.40735749113993247 0.12377264684520864 0.42183519072219067
0 0.5976816191097919 0.3344067638773455 0.09299281268902818 0.3066266847906915
0 0.8416863218749999 0.7796875 0.8383185765625001 0.8007491578125 0.8009883999999999 0.970722703125 0.7957490375 1 0.8530283624999999 1 0.855055065625 0.9918210484374999 0.8785946124999999 0.869277890625 0.892629459375 0.7796875 0.8416863218749999 0.7796875
0 0.3625358359375 0.7796875 0.359375 0.8072429203125001 0.359375 1 0.398430959375 1 0.40132700625 0.9644334578125001 0.42485497343750006 0.7796875 0.3625358359375 0.7796875
0 0.5171875 0.88984375 0.14375 0.2203125