0 0.2327345153962243 0.3515150278323259 0.08675784937936157 0.3409899823325695
0 0.3246492953930427 0.32593183995267305 0.06831583736472577 0.23277743882958343
0 0.122233367401315 0.39159712680614545 0.086976025381907 0.3597399823325695
0 0.025 0.46953125 0.05 0.2203125
0 0.22661923337045292 0.1617621968102773 0.06491811736154425 0.2092672036472223
0 0.690625 0.26953125 0.103125 0.4140625
2 0.7594039140276806 0.17324455746760367 0.1210772106938169 0.20276393692972236
2 0.7801634987269063 0.4126700801690273 0.10806813335454457 0.15872299620027785
2 0.95546875 0.3765625 0.0890625 0.109375
2 0.98359375 0.5265625 0.0328125 0.11875
0 0.065625 0.71015625 0.08125 0.2421875
0 0.1859375 0.73671875 0.115625 0.2953125
0 0.3125 0.69609375 0.078125 0.2140625
0 0.43671875 0.721875 0.1140625 0.265625
0 0.38203125 0.6546875 0.0609375 0.13125
0 0.7831692253739526 0.7505538995075691 0.08219652402927143 0.21747974715020843