0 0.10703125 0.4046875 0.1796875 0.45
0 0.21852581797821102 0.3320800789282556 0.15877982067963411 0.4032839809142047
0 0.3049862337208743 0.3744751308948079 0.13132267861449415 0.35905574879205204
0 0.4263684100574684 0.3425877889204969 0.18722261007158583 0.4911346672787225
0 0.5505115653473751 0.3041953554309168 0.13197512599777567 0.3435582945496865
0 0.6390625 0.2765625 0.121875 0.48125
0 0.6236312759554234 0.21188056754919007 0.10947849971765145 0.3044001997004376
0 0.4911835260260105 0.14812056967522197 0.0945521787556686 0.20832242515463034
2 0.7673020361258313 0.4295617593737198 0.09201944198043535 0.13813747091226497
0 0.7904980704678726 0.2887295942210291 0.1116934471009328 0.28903029121570667
0 0.19768050988805913 0.7627724852869546 0.036164284130279965 0.0869259151526908
0 0.26171875 0.92421875 0.0734375 0.1515625
0 0.2890625 0.93515625 0.065625 0.1296875
0 0.22578125 0.946875 0.0578125 0.10625
0 0.19609375 0.94296875 0.0609375 0.1140625
0 0.15859375 0.95703125 0.0734375 0.0859375
2 0.1267001519531991 0.8109546358957778 0.043339747298576904 0.0766261439408634
2 0.2118718125047776 0.7773133463470611 0.03131018415851479 0.056983323637421535