0 0.501540695836882 0.26402247528160727 0.13234443901162668 0.31077324505632153
0 0.56953125 0.26171875 0.0796875 0.3078125
0 0.4123355632634585 0.2907710095583809 0.09735228714217126 0.21818155347041035
0 0.38203125 0.1734375 0.1453125 0.346875
0 0.9057177877436493 0.363810035789383 0.05023864357108563 0.10920003737886681
0 0.9271075356690568 0.3613788044788164 0.052985135272715846 0.12493429802252862
0 0.9650927877436493 0.3679619402485289 0.0473504419114116 0.11210651609154336
0 0.9728810543403889 0.39992213443233016 0.04375184523075966 0.10563799480421991
0 0.8658264935525081 0.3720160196978396 0.04903134108157463 0.11377827673520517
2 0.99453125 0.23046875 0.0109375 0.0546875
2 0.92490826347324 0.2245672193295226 0.026397479254075585 0.04070140965492612
2 0.9199201524709334 0.487323945444309 0.029996075934727705 0.04716993094224957
2 0.934375 0.50078125 0.025 0.0359375
0 0.21484375 0.65 0.1203125 0.2625
0 0.28821835995339934 0.6771012655104658 0.10571016141722503 0.2669468354013954
0 0.14916751534733966 0.6775879485464021 0.12597603984146363 0.30877370248167446
0 0.08184903816785649 0.716077012156271 0.11939415311885533 0.2834459205506893
0 0.0390625 0.7375 0.078125 0.321875
0 0.8502597705222097 0.9210922940872562 0.05274833693238978 0.12180929802252863
0 0.8606761296504166 0.9390992489147193 0.04962333693238978 0.12159077673520499
0 0.7887186192774543 0.9144327486626176 0.05239313942190069 0.11712179802252862
0 0.7443882788205796 0.9293968309619199 0.057909433613041905 0.1283870799535139
2 0.8148811454219634 0.7764628550992351 0.030469672615379827 0.053419930942249394
2 0.8850752462518005 0.7829420840640131 0.024953378424238615 0.04215464901126431