0 0.50390625 0.1046875 0.0484375 0.209375
0 0.5806702301007547 0.1579423283241935 0.10193207146044045 0.18754663879807013
0 0.6464180608334493 0.15674406696010781 0.0930550384437538 0.1670977711033185
0 0.6546875 0.10546875 0.13125 0.2109375
0 0.6828125 0.08125 0.14375 0.1625
0 0.7171875 0.03046875 0.09375 0.0609375
0 0.5359375 0.11953125 0.1125 0.2390625
0 0.4453125 0.7703125 0.06875 0.3125
0 0.44921875 0.57265625 0.0609375 0.1046875
0 0.40537698100526576 0.7958769305976696 0.11475962008095948 0.1940148271096728
0 0.41640625 0.68984375 0.1265625 0.2609375
0 0.928125 0.48046875 0.14375 0.3609375
0 0.83125 0.47734375 0.178125 0.3546875
0 0.8005533621675017 0.5147457073830309 0.17573914292088091 0.37460235389503393
0 0.925 0.6046875 0.15 0.365625
0 0.9609375 0.4859375 0.078125 0.371875