0 0.3578125 0.090625 0.10625 0.18125
0 0.4453125 0.07578125 0.14375 0.1515625
0 0.54375 0.04453125 0.15 0.0890625
0 0.28671875 0.0828125 0.1046875 0.165625
2 0.63828125 0.23125 0.0390625 0.128125
2 0.7502002016337865 0.1125 0.11702035672980174 0.1109375
2 0.9004349649796595 0.17578125 0.12346135771838504 0.115625
2 0.98203125 0.2203125 0.0359375 0.1125
2 0.95625 0.14375 0.0875 0.103125
0 0.1373115879839025 0.6265625 0.06271485870696818 0.1203125
0 0.06719935923844078 0.72734375 0.07371602570316256 0.121875
0 0.06632390323039203 0.9359375 0.07346135771838505 0.115625
0 0.030078702622369714 0.775 0.051939184790691505 0.0859375
0 0.01328125 0.59921875 0.0265625 0.0703125
0 0.10838413885875493 0.47265625 0.035231845855386724 0.059375
0 0.0552989481365644 0.35859375 0.04004667984777566 0.0625
0 0.051205650227461465 0.5265625 0.04192751482874764 0.0703125
0 0.2739958458925679 0.6640625 0.05439302273741298 0.1078125
0 0.20488770163378653 0.7703125 0.0657761917107738 0.11875
0 0.11026626832596982 0.69140625 0.05362901878308044 0.0890625
0 0.6571279753597827 0.678125 0.037813017794497125 0.084375
0 0.726041095929749 0.8546875 0.07718853558899426 0.16875
0 0.7532084323935957 0.86953125 0.06724053262324467 0.1546875
0 0.6887785178688592 0.8796875 0.060226528668912135 0.1359375
0 0.660462516880276 0.875 0.06360619665368965 0.1421875
0 0.63984375 0.91171875 0.0421875 0.1640625
2 0.667778973876908 0.67109375 0.030098676882026255 0.0484375