0 0.16525611405949725 0.34609375 0.07565562269254426 0.190625
0 0.24622485073199699 0.3890625 0.10367262937617987 0.315625
0 0.30078125 0.42734375 0.0984375 0.2640625
0 0.33125 0.48671875 0.0375 0.1453125
0 1 0.251813640625 0.9934106906250001 0.28063544218750003 0.9824693531250001 0.3448629515625 0.9431412187500001 0.5165203843749999 0.935036053125 0.559375 0.990841409375 0.559375 0.99698775 0.5354336187500001 1 0.52052580625 1 0.251813640625
0 0.540317603125 0.559375 0.5433633734375001 0.52652558125 0.575477225 0.2941779640625 0.602364046875 0.1426947046875 0.5961514421875 0.1287846 0.580508490625 0.1229273984375 0.5431371031250001 0.12273798437500001 0.515074028125 0.1412941375 0.522288309375 0.2019843234375 0.5169553515625 0.2616527671875 0.5029233921875 0.37327838125 0.480998346875 0.4932550375 0.47317473125 0.559375 0.540317603125 0.559375
0 0.480740675 0.559375 0.507995440625 0.3977776171875 0.5254307328125 0.250108075 0.5134775484375 0.1630883765625 0.5154919203125 0.156420590625 0.5246731171875 0.149731059375 0.5358212296875 0.07566181093749999 0.5229612828125 0.06328589375 0.4834695890624999 0.048568353125000005 0.47096471875 0.056024976562499995 0.4689715328125 0.06693194531249999 0.44989813593749994 0.24534099843749999 0.4189613828125 0.40592064843750003 0.41026746562500005 0.5101113828125 0.40369438593750007 0.559375 0.480740675 0.559375
0 0.6546875 0.37890625 0.125 0.3609375
0 0.7651555693825431 0.3390625 0.08782945337363443 0.296875
0 0.0520234859375 0.559375 0.051011528125000004 0.5600441375 0.05822580937500001 0.6207343234375 0.052892851562499996 0.6804027671874999 0.0388608921875 0.79202838125 0.016935846875 0.9120050375 0.0065238828124999995 1 0.074226871875 1 0.0793008734375 0.94527558125 0.111414725 0.7129279640625 0.13830154687500001 0.5614447046875 0.1373771640625 0.559375 0.0520234859375 0.559375
0 0 0.559375 0 1 0.0136732703125 1 0.0153444515625 0.9860328390624999 0.043932940625 0.8165276171875 0.0613682328125 0.6688580749999999 0.0494150484375 0.5818383765624999 0.051429420312499995 0.575170590625 0.06061061718750001 0.568481059375 0.061981164062500003 0.559375 0 0.559375
0 0.18828125 0.8109375 0.1203125 0.378125
0 0.312620368037862 0.67421875 0.057795413351362866 0.1328125
0 0.51171875 0.6171875 0.1203125 0.115625
0 0.6484375 0.63046875 0.103125 0.1421875
0 0.7375 0.62734375 0.109375 0.1359375
0 0.82109375 0.60703125 0.0796875 0.0953125