0 0.2902649660668156 0.28700398729230026 0.07956159623477373 0.295599284547747
0 0.21964278300110857 0.240049496835198 0.08324780073828056 0.2803569218206505
0 0.36439288093392525 0.3280273421434889 0.07205188001107458 0.17841178454774695
0 0.4221774976836482 0.22316424108532215 0.06966735965300899 0.21396664727484324
0 0.14282995912698526 0.22989350471110576 0.07159080505721711 0.19547173879011231
0 0.4465977043466232 0.16764756472274378 0.05466412091177588 0.1738837812137671
0 0.51015625 0.13125 0.0421875 0.2625
0 0.53671875 0.15703125 0.0953125 0.3140625
0 0.646875 0.196875 0.134375 0.39375
0 0.775 0.16953125 0.09375 0.3390625
0 0.8984375 0.20859375 0.125 0.4171875
0 0.8 0.09609375 0.08125 0.1921875
0 0.4640625 0.66875 0.05 0.459375
0 0.3784158081395361 0.6458525709316616 0.07721664867109723 0.3560266015172086
0 0.25078125 0.6640625 0.1265625 0.45
0 0.1350465399409389 0.6197692056194913 0.08659164867109723 0.35679187606301604
0 0.08125 0.59609375 0.09375 0.3140625
0 0.03828125 0.61015625 0.0765625 0.3421875
0 0.7792878932724264 0.687004245168208 0.04649067550756776 0.19186850666795968
0 0.8768137353451471 0.7050683321415493 0.04308627081949101 0.1387435066679597
0 0.9036067728220758 0.6987066329001536 0.04330511875230769 0.21492336939505616
0 0.944262051199706 0.6903678454774688 0.041502786858619876 0.18679836939505617
0 0.8309912931801413 0.6570295738065994 0.037898123071244426 0.13054836939505615
2 0.8541143198597284 0.860202371231224 0.055807513879660674 0.09470646424430526