0 0.38945187427838357 0.22297666164953292 0.061930727459808745 0.19339905575957417
0 0.4800747202256076 0.24904521194909535 0.05484166542531543 0.14145391848667063
0 0.50859375 0.24453125 0.0609375 0.2171875
0 0.53046875 0.2390625 0.0171875 0.1875
0 0.4513354441707597 0.19768987710178604 0.048155017782680255 0.13156873545613249
2 0.4030305690683158 0.39931602104264946 0.06217897642635144 0.09846919303247788
0 0.58046875 0.5046875 0.0828125 0.23125
0 0.6072471881749036 0.5550241449796335 0.07650264970954979 0.20548446757828492
0 0.05703125 0.8578125 0.1140625 0.278125
0 0.11953125 0.859375 0.2390625 0.28125
0 0.2578125 0.77578125 0.15 0.1140625