0 0.28515625 0.10390625 0.1078125 0.2078125
0 0.1671875 0.15703125 0.1625 0.3140625
0 0.05234375 0.1234375 0.1046875 0.246875
0 0.028125 0.10625 0.05625 0.2125
0 0.30859375 0.0765625 0.1203125 0.153125
0 0.60078125 0.328125 0.1140625 0.303125
0 0.6301826273426803 0.24921875 0.1175872829238763 0.3359375
2 0.64140625 0.46171875 0.0953125 0.0359375
0 0.03984375 0.65546875 0.0796875 0.3515625
0 0.13125 0.61171875 0.115625 0.2640625
0 0.19453125 0.62734375 0.1015625 0.2953125
0 0.30234375 0.6484375 0.1328125 0.3375
0 0.6617879800082472 0.68359375 0.08169994404836292 0.1765625
0 0.7365750313410308 0.6640625 0.06249530298213628 0.1609375
0 0.8148735275801071 0.63125 0.05597251834239998 0.1515625
0 0.8853822558724946 0.59765625 0.05610891066226813 0.15625
0 0.9390625 0.96875 0.065625 0.0625
0 0.8234375 0.9796875 0.071875 0.040625