0 0.17109375 0.04453125 0.0453125 0.0890625
0 0.25234375 0.0796875 0.0484375 0.159375
0 0.31526563087572745 0.08671875 0.04412136760421674 0.1625
0 0.35078125 0.07421875 0.0453125 0.1484375
0 0.39375 0.05546875 0.053125 0.1109375
0 0.21875 0.0671875 0.05 0.134375
0 0.8078125 0.15234375 0.1125 0.3046875
0 0.3234375 0.93828125 0.04375 0.1234375
0 0.2273783117120863 0.79921875 0.0709332184025195 0.2453125
0 0.753125 0.53984375 0.0625 0.0609375
0 0.6106908774156864 0.7671875 0.04236786661563361 0.1578125
0 0.7021528186321685 0.65078125 0.0489362015966055 0.165625