0 0.0875 0.25390625 0.109375 0.4296875
0 0.06298443037711779 0.2699697913749072 0.05607469414791692 0.3286886213399088
0 0.13046875 0.2640625 0.1078125 0.409375
0 0.36875 0.28125 0.08125 0.375
0 0.20724357665364562 0.2497674740610881 0.05458101006798621 0.1302874840069997
0 0.796712721875 0 0.7759654671874999 0.11946169375 0.7419642890625 0.371745459375 0.7444210124999999 0.3832357078125 0.7481190328125 0.385068815625 0.7814470218749999 0.3889690765625 0.7895981859375001 0.3745192046875 0.8087695609375001 0.2437301609375 0.8307065031249999 0.134269909375 0.8491685671875 0.0089992296875 0.850188078125 0 0.796712721875 0
0 0.48046875 0.1234375 0.0890625 0.246875
0 0.0521437734375 0.46875 0.050646275 0.5095688390625 0.042483256250000004 0.62204135 0.0268783875 0.743445365625 0.0101249515625 1 0.07239229375 1 0.07353024999999999 0.9925645921874999 0.088031265625 0.84302453125 0.0908744421875 0.7719397546875 0.11076698437500002 0.5376097093750001 0.1192644265625 0.46875 0.0521437734375 0.46875
0 0 0.46875 0 0.9594454828125001 0.01335866875 0.954705103125 0.015618118750000002 0.9493681468750002 0.024747553125 0.9028248640625 0.030671062500000002 0.8138961078125 0.0503345359375 0.6425547 0.06000780625 0.49385000625000003 0.05519288906249999 0.46875 0 0.46875
0 0.20859375 0.690625 0.0984375 0.44375
0 0.31328125 0.603125 0.0734375 0.26875
1 0.940625 0.49296875 0.053125 0.0484375
1 0.8406594079600346 0.5095515540658606 0.04160692496187508 0.04266021467218155