2 0.115625 0.04140625 0.04375 0.0828125
0 0.63828125 0.1203125 0.1609375 0.240625
0 0.7375 0.14453125 0.278125 0.2890625
0 0.91015625 0.14453125 0.1796875 0.2890625
0 0.2061591860886197 0.7202714721832375 0.04065015601864026 0.08461401741285464
0 0.17406261680187657 0.3985735345985665 0.07066954274124874 0.11108798620519007
0 0.053747348955737184 0.5475698773170488 0.04462726099766208 0.07548467887824381
0 0.13691504646622626 0.5472223965389256 0.053978950209781475 0.0962066146538925
0 0.1881815485408187 0.5538309226582074 0.0369098493799445 0.09686835594746537
0 0.26137059480655234 0.5506074253717408 0.03404495850815117 0.07959896879233552
0 0.31578263982288607 0.733075766619885 0.06396925684847724 0.08427982473980081
0 0.03659758298369757 0.42195904567984294 0.0540973493799445 0.09776911465389256
0 0.8149556908625044 0.614549337402957 0.08966003154309377 0.3206267605154496
0 0.747414838582775 0.5121812539567289 0.05364890871793264 0.17400406603337357
0 0.4744840562144885 0.6257270183173657 0.045267723654998204 0.14555151741285463
0 0.49596889252217846 0.6009693577564876 0.0733712580978771 0.2699716632744115
0 0.98125 0.615625 0.0375 0.15
2 0.5996364989510928 0.7130742893482649 0.05857136182749909 0.07465916327441154
2 0.5492211792401424 0.7676898682719372 0.05907011452679147 0.1633941146538927
2 0.4953125 0.97578125 0.090625 0.0484375