0 0.27648124537652147 0.08603015914213988 0.06718510487264702 0.12637416846619481
0 0.1859375 0.10390625 0.109375 0.2078125
0 0.29765625 0.08046875 0.0796875 0.1609375
0 0.3359375 0.06640625 0.08125 0.1328125
2 0.2669992165374661 0.2462456087272214 0.0638202729789592 0.09813076929603178
0 0.5640625 0.234375 0.228125 0.46875
0 0.8609375 0.1453125 0.278125 0.290625
0 0.584375 0.128125 0.1875 0.25625
0 0.84375 0.1453125 0.20625 0.290625
0 0.59711871067737 0.8149713753239609 0.0537839389258032 0.11136447510489074
0 0.5765453948228112 0.7930012869416786 0.062497604872647015 0.12601897095570588
0 0.5390256084256165 0.8027189064428475 0.06406010487264702 0.12613737012586873
0 0.5201556924787727 0.8154198159859728 0.0622973457733484 0.12289397095570571
0 0.48816521283683834 0.8491077317528752 0.06406010487264702 0.12613737012586893
0 0.520532831589146 0.6380285217948316 0.0405434592838688 0.07459818091374952
2 0.46796875 0.67734375 0.0359375 0.0734375
2 0.5348258690660747 0.6477470639113803 0.036317034237726274 0.057173882573423464
2 0.6057847069767421 0.9247491170255913 0.04286742288667433 0.06233497925407576
2 0.6140625 0.9828125 0.040625 0.034375
2 0.6204782626522681 0.9282176591421398 0.029366127390180984 0.04576278589277152