0 0.18515625 0.17578125 0.1015625 0.3515625
0 0.31171875 0.1546875 0.0953125 0.309375
0 0.38984375 0.17265625 0.0984375 0.3453125
0 0.93125 0.275 0.128125 0.36875
0 0.80390625 0.2953125 0.0890625 0.328125
0 0.5984375 0.2375 0.11875 0.44375
0 0.717674337402957 0.23070105233436983 0.09916335481581147 0.43570925782192055
0 0.01796875 0.6109375 0.0359375 0.303125
0 0.07579337460351523 0.5928425494917724 0.045436409995051184 0.1833431210184525
0 0.1609375 0.62734375 0.084375 0.3359375
0 0.19790406999010238 0.6490232020096689 0.06409787878738663 0.21246917889684286
2 0.06470422489677104 0.901406207412515 0.08163285956550989 0.13093075256024883
0 0.60078125 0.47421875 0.0453125 0.0296875
0 0.5 0.50625 0.05625 0.09375
0 0.44921875 0.68125 0.0203125 0.115625
0 0.45390625 0.5203125 0.0296875 0.084375
0 0.7197934373575284 0.5175842152344357 0.03838082654882306 0.10816111049510883
0 0.6190365208037566 0.5864868627024217 0.04832903663473154 0.1196446420651398
0 0.553125 0.490625 0.040625 0.0625