0 0.2820424238824681 0.19750361027384153 0.0752283007386847 0.314237448727685
0 0.36548618295765445 0.17903586574046174 0.07051352966144578 0.30913984561740726
0 0.4530043636758137 0.1898161237989801 0.05893061416679295 0.19724543836009242
0 0.14591402634179618 0.15279812007578625 0.07828966822512733 0.3035733508012036
0 0.13203125 0.07734375 0.0578125 0.1546875
0 0.20498502019347614 0.2399556589542584 0.05273515632127079 0.20607363421305536
0 1 0.021627226562499997 0.994505984375 0.020413475 0.9863802515625 0.0231707078125 0.9833662328125001 0.0310002453125 0.9699931875000001 0.1359051828125 0.96546085625 0.2005729859375 0.9433231156249999 0.3735838625 0.934891878125 0.46875 0.9867466640625 0.46875 0.9987095890625 0.391626965625 1 0.3788920546875 1 0.021627226562499997
0 0.509375 0 0.509375 0.46875 0.5470789203125 0.46875 0.5474327984375 0.4617446515625 0.5469664171875 0.3906315265625 0.5559406765625 0.15682193125 0.5677050109375 0.004281278125 0.5653725265625 0 0.509375 0
0 0.65 0.2609375 0.078125 0.415625
0 0.7516453549934108 0.11464330066018431 0.044513590162687855 0.13507762902925916
0 0.2265625 0.52734375 0.0375 0.1171875
2 0.330895996876742 0.5298089708769897 0.034820427594901206 0.07956992280870363
0 0.5536578277678519 0.6257167931673138 0.03676472267624522 0.14533162384546294
0 0.626477704231285 0.6601983913766192 0.0720305778660478 0.3014640466541666
2 0.51640625 0.88984375 0.0140625 0.1078125
0 0.5746743097156751 0.6142810071635638 0.04330561416679295 0.19587842799250002