0 0.078125 0.37734375 0.075 0.1234375
0 0.1859375 0.3421875 0.08125 0.19375
0 0.16824655246570625 0.23642998643233265 0.054162956806547945 0.1415191146538925
0 0.28359375 0.35078125 0.0796875 0.1765625
0 0.2603012556542096 0.18953397501237196 0.07241498982323477 0.16273237336031982
0 0.36640625 0.4 0.0703125 0.078125
0 0.40414643091440877 0.2396490824301753 0.07223792740790565 0.21881859905006032
0 0.43828125 0.37421875 0.0546875 0.1296875
0 0.54921875 0.50703125 0.0203125 0.1296875
0 0.54296875 0.82578125 0.0078125 0.1015625
0 0.54375 0.94375 0.009375 0.08125