0 0.51171875 0.16484375 0.0796875 0.3296875
0 0.41484375 0.15234375 0.0765625 0.3046875
0 0.60625 0.1984375 0.065625 0.203125
0 0.3275387266312392 0.14339776638003537 0.06505572745980874 0.19365414727484326
0 0.36015625 0.08984375 0.0640625 0.1796875
0 0.7029753742738744 0.2753486233572559 0.07095047063538314 0.3202166472748432
0 0.30062312385958967 0.7752695197140153 0.028968370140045253 0.120663186364518
0 0.320210031841307 0.7947688188056297 0.02911391935425698 0.12378818636451819
0 0.26308673655603665 0.7714271715307863 0.028386173283198347 0.10816318636451801
0 0.24406490880577766 0.7807703495603547 0.0302397717116218 0.11454073212215263
0 0.2008072144301302 0.8044790454677704 0.026387025640563166 0.09866064060688337
2 0.2080460179875681 0.6424094801652985 0.0260573858558109 0.058163186364518005
2 0.2813550853987449 0.6289366536529389 0.020787688998963993 0.045280549091614476
2 0.30264800433871697 0.9022944053199289 0.03372433664159917 0.05567591515269079
2 0.30056327356913937 0.974504245168208 0.026892139784752266 0.04266573212215263
2 0.32287061310622267 0.9187324772903607 0.028309090570540717 0.039668277879787085