0 0.28359375 0.1140625 0.1484375 0.228125
0 0.23125 0.0875 0.125 0.175
0 0.5203125 0.1046875 0.125 0.209375
0 0.6203125 0.1296875 0.1375 0.259375
0 0.65390625 0.103125 0.0703125 0.20625
0 0.5546875 0.1234375 0.1125 0.246875
0 0.796875 0.2015625 0.11875 0.403125
0 0.89375 0.16640625 0.109375 0.3328125
0 0.5320460967757936 0.7561087139163221 0.09830056699689198 0.13232269867918128
0 0.4645781528144308 0.8802643765913671 0.0845633986760923 0.10561474801081765
0 0.275171050457066 0.8730984086171386 0.08111306699689198 0.1321227040101814
0 0.3611128585626179 0.80494729793923 0.08416098428423435 0.0634454293443631
0 0.7666543831697237 0.8804472846117297 0.07657542431665565 0.20234429734245407
0 0.81640625 0.88671875 0.1046875 0.2265625
0 0.853125 0.91171875 0.109375 0.1765625
0 0.875 0.9703125 0.075 0.059375
0 0.9734375 0.92265625 0.053125 0.1546875