0 0.03046875 0.14609375 0.0609375 0.2921875
0 0.06364920119824964 0.14356998594137335 0.07487193849054989 0.15447348428423435
0 0.1250970131667417 0.1726174770500332 0.14209087364711995 0.2914683701400452
0 0.8104288642249085 0.3371658205160578 0.24894613577509156 0.47544957195929066
0 0.47265625 0.52890625 0.1453125 0.1015625
0 0.24018000816577184 0.6955820579006641 0.11632585697722053 0.2046575748547749
0 0.321875 0.7390625 0.15625 0.31875
0 0.35390625 0.80234375 0.0921875 0.3265625
0 0.696875 0.78984375 0.284375 0.4203125
0 0.440625 0.71171875 0.08125 0.2640625
0 0.4984375 0.65078125 0.146875 0.1421875