0 0.15883481926323045 0.3340818351437088 0.056870354710361684 0.3246591632744117
0 0.24974162993318494 0.3051136301461831 0.05359990404199806 0.3119953889641522
0 0.35126776726609404 0.3029159650627493 0.05850448535963508 0.19669793758467105
0 0.048134771284229494 0.18529021031305087 0.049129485359635086 0.1962066146538925
0 0.02109375 0.35234375 0.0421875 0.1890625
0 0.07247005792491254 0.37530437867584504 0.045877216024817 0.18510534034363318
0 0.390625 0.6875 0.04375 0.175
0 0.3015625 0.6734375 0.05 0.146875
0 0.47578125 0.68046875 0.0515625 0.1609375
0 0.215625 0.65078125 0.05 0.1015625
0 0.52265625 0.68359375 0.0140625 0.1671875
0 0.878125 0.9625 0.015625 0.075
0 0.89765625 0.9578125 0.0234375 0.084375
0 0.93125 0.95859375 0.028125 0.0828125
2 0.8601791432606852 0.848848099277203 0.016097714672181594 0.04144387155129756
2 0.9330172065961395 0.8294153465636696 0.014498852005090513 0.03823698439616763