0 0.07669917387909556 0.27105963254604204 0.0602212114824372 0.21490156203449332
0 0.15625 0.23359375 0.075 0.2921875
0 0.23348768475351048 0.22670181864952185 0.04632053756616052 0.1799443651776464
0 0.30546875 0.221875 0.0484375 0.315625
2 0.12075026281440024 0.24649843424145307 0.06723521543676991 0.23394266046291676
0 0.6173294910655704 0.11946289929526496 0.07064937551288217 0.20291098428423435
0 0.6953125 0.15546875 0.0875 0.3109375
0 0.7575141392786845 0.21365816314900385 0.09136773520843348 0.3286387303552928
0 0.7945750819780415 0.09171254259467396 0.05238485376405215 0.09913101282028158
0 0.7982691318643106 0.25077932754086196 0.06822471247102051 0.21995293507002245
0 0.898917730685447 0.18189024048497818 0.08342790121604474 0.32514985731976365
0 0.946875 0.13984375 0.0875 0.2796875
0 0.1609375 0.67734375 0.184375 0.5953125
0 0.0828125 0.6203125 0.165625 0.48125
0 0.2734375 0.55703125 0.1125 0.3546875
0 0.459375 0.49609375 0.1 0.2328125
0 0.56328125 0.50625 0.1046875 0.253125