0 0.24140625 0.41484375 0.3265625 0.4296875
0 0.43984375 0.38359375 0.1203125 0.4921875
0 0.1078125 0.47578125 0.20625 0.3078125
0 0.13149194092838795 0.35881452712666 0.17429190777039594 0.359980179126093
0 0.26139019200812214 0.34230412812245187 0.22058471930601814 0.4255158990890262
0 0.38515625 0.4515625 0.2109375 0.35625
0 0.45625 0.35078125 0.0875 0.5578125
0 0.18046875 0.67421875 0.1046875 0.0890625
0 0.1140625 0.66796875 0.090625 0.0765625
0 0.03046875 0.67578125 0.0609375 0.0921875
0 0.25390625 0.96171875 0.0796875 0.0765625
0 0.1390625 0.9078125 0.146875 0.184375
0 0.2359375 0.7125 0.11875 0.165625