0 0.03359375 0.19765625 0.0671875 0.3390625
0 0.11328125 0.06796875 0.0921875 0.1359375
0 0.08412267452154332 0.23536525468536054 0.11018844499482014 0.22165970282385156
0 0.7515625 0.07578125 0.09375 0.1515625
0 0.7859375 0.03203125 0.071875 0.0640625
0 0.77265625 0.1640625 0.1484375 0.328125
0 0.9096277886657326 0.2063262755350431 0.1279624499572188 0.3017563797834558
0 0.96484375 0.19296875 0.0703125 0.3234375
0 0.14609375 0.625 0.1828125 0.15
0 0.23203125 0.65234375 0.1796875 0.2046875
0 0.28046875 0.62578125 0.1171875 0.1515625
0 0.44375 0.590625 0.1 0.08125
0 0.5671875 0.6171875 0.14375 0.134375
0 0.6828125 0.6203125 0.1375 0.140625
0 0.77734375 0.6 0.1015625 0.1