0 0.2875 0.05703125 0.090625 0.1140625
0 0.315625 0.1140625 0.0875 0.228125
0 0.32421875 0.15859375 0.0703125 0.3171875
0 0.6381074540731876 0.10736153384793115 0.10264599425012406 0.2096927893919517
0 0.7174124457382379 0.15515356271653918 0.11693137698109979 0.308494310438639
0 0.7840420942210291 0.2139818021226083 0.12783692607271427 0.3277903420086702
0 0.832910286794465 0.27884023365028715 0.0958858112195859 0.2030787683452644
0 0.9334999602821054 0.21012730198143395 0.1160385566776581 0.297556810438639
0 0.95390625 0.16015625 0.0921875 0.3203125
0 0 1 0.060503935937499996 1 0.11419068125000001 0.7700960140625 0.1552056421875 0.6202813968750001 0.1502903671875 0.6060188765625 0.1351936921875 0.5992545437500001 0.0978399671875 0.5968886265625 0.0680462453125 0.613797715625 0.0696002375 0.674866953125 0.05870228281249999 0.734184346875 0.034259521875 0.8449170421875 0.0011448125 0.9635353984374999 0 0.9689049703125001 0 1
0 0.041620709374999995 0.51875 0.0338983796875 0.5226831734374999 0.030887951562499998 0.5334666593749999 0 0.6867071 0 1 0.0036807203125 1 0.0390554234375 0.8663609921875001 0.070263165625 0.7198070203125 0.0664259015625 0.632150103125 0.069062146875 0.6256041609375 0.0788672453125 0.6194539062500001 0.0969234515625 0.5460841624999999 0.08521774843749999 0.5329676234375 0.053352032812500005 0.51875 0.041620709374999995 0.51875
0 0.190625 0.846875 0.14375 0.30625
0 0.30234375 0.84140625 0.1140625 0.3171875
2 0.5786686811943703 0.5763915258848362 0.08491687606301604 0.0687037683452644
2 0.56875 0.53203125 0.059375 0.0265625