0 0.25546875 0.05078125 0.0796875 0.1015625
0 0.3234375 0.10078125 0.1 0.2015625
0 0.36875 0.1375 0.10625 0.275
0 0.42890625 0.02109375 0.0421875 0.0421875
0 0.4003717234772964 0.1509523146951496 0.07798050740125576 0.2216671863901311
0 0.6476000390625 0.559375 0.6732427875 0.45896608125 0.698992690625 0.3325651609375 0.72553631875 0.1767204953125 0.7427818171875 0.100413965625 0.737661115625 0.0903124734375 0.70791503125 0.08732359687499999 0.699448965625 0.091084840625 0.69559536875 0.0993041125 0.6711439390624999 0.2061168609375 0.659805896875 0.2715053453125 0.6193969875 0.44767276093749997 0.5980187859375 0.559375 0.6476000390625 0.559375
0 0.46796875 0.21640625 0.0359375 0.1421875
0 0.02734375 0.62578125 0.0546875 0.1328125
0 0.05703125 0.65625 0.1015625 0.19375
0 0.09921875 0.65078125 0.0734375 0.1828125
0 0.20625 0.6421875 0.1 0.165625
0 0.25859375 0.62109375 0.1015625 0.1234375
0 0.684375 0.5765625 0.040625 0.034375
0 0.6401839975359899 0.8229304935437123 0.04460919802510173 0.11355975544788173
0 0.6814493476282749 0.7858239774521689 0.03948160703211538 0.08209123416055811
0 0.7890625 0.57265625 0.03125 0.0265625
0 0.640625 0.98515625 0.025 0.0296875
0 0.7298799483388688 0.9403204533148537 0.03715764342930994 0.09437271287323465
0 0.7504403770856392 0.8136651181655598 0.025419107032115383 0.0811078883676025
0 0.7231257078995929 0.7665769507169637 0.03213018198597286 0.0644666915859112
0 0.672296788252121 0.8922378684176614 0.018167811535622126 0.06504584579295561
0 0.649300576808784 0.9234003871070948 0.027142293337024802 0.059451409654925944