0 0.015625 0.26953125 0.03125 0.4609375
0 0.1 0.2875 0.2 0.575
0 0.2584965292959668 0.26040586258754905 0.15820758590601258 0.49854768268618094
0 0.40703125 0.290625 0.1859375 0.58125
0 0.03984375 0.17734375 0.0796875 0.3546875
0 0.13203125 0.21953125 0.1578125 0.4390625
0 0.40859375 0.15625 0.1546875 0.3125
0 0.9492626186336987 0.3862058412635486 0.042563236209946356 0.12076703333863606
0 0.9671631724737647 0.388340505927776 0.04421666442319179 0.12391021467218159
0 0.9142882250601894 0.38036492126832117 0.04063702335696497 0.10824885200509068
0 0.8967824763138307 0.39150241593732105 0.04394387978345584 0.1145352146721816
0 0.8678163903413111 0.4207359299411391 0.047387128529814505 0.1255090773392725
2 0.8589906227903338 0.2677654712762754 0.02801735141192587 0.05030908267027243
2 0.9299623523363627 0.2442910612667303 0.021449102665567033 0.0392988573360908
2 0.9617051311701109 0.4953990279280941 0.026091138558944314 0.037790901336727245
2 0.9605768886919585 0.5610149372613215 0.034040030878812286 0.04256930800445424
2 0.9763670247436202 0.5014763052594124 0.024574102665567032 0.0393352200031817
0 0.3154608977966514 0.7192103399506842 0.07202341567683312 0.11329997867599957
0 0.18434729011651943 0.7160500719685015 0.09048391066226813 0.15724997334499946
0 0.3857553627612039 0.8800563859405027 0.07247805674305977 0.12892497867599956
0 0.47265625 0.8046875 0.0546875 0.121875
0 0.153125 0.97109375 0.08125 0.0578125
0 0.07634927052047813 0.8578841306492736 0.06885295157021036 0.11170111600890884
0 0.57265625 0.8078125 0.1453125 0.384375
0 0.65625 0.83203125 0.234375 0.3359375
0 0.9734375 0.79453125 0.053125 0.4109375