0 0.27315072822839037 0.19985672063538312 0.13004638797200824 0.2162500463187275
0 0.379613293165456 0.17678955582924027 0.17365652324472408 0.33972608767505647
0 0.278125 0.03515625 0.090625 0.0703125
0 0.48046875 0.165625 0.1734375 0.33125
0 0.52421875 0.04296875 0.0890625 0.0859375
0 0.540625 0.1765625 0.05625 0.225
0 0.922520075734235 0.1453704278313123 0.10038219875988896 0.19462760339082213
0 0.96484375 0.17734375 0.0703125 0.1359375
0 0.2979944109375 0.55 0.30209420468750003 0.561766828125 0.3276952234375 0.6245823953125 0.387666971875 0.796945040625 0.4664849078125 1 0.515910665625 1 0.47811789843749997 0.8994401703125 0.44302245312500005 0.790099903125 0.397031859375 0.6674574109375 0.3487690625 0.55 0.2979944109375 0.55
0 0.11171875 0.81796875 0.2140625 0.3640625
0 0.15301398175287534 0.7327655740262053 0.15301213652211576 0.31385279238978614