0 0.16875 0.2453125 0.178125 0.36875
0 0.0546875 0.29140625 0.109375 0.2765625
0 0.31875 0.22890625 0.125 0.4015625
0 0.3015625 0.30546875 0.103125 0.2484375
0 0.78046875 0.409375 0.0359375 0.040625
0 0.7984375 0.4171875 0.0375 0.025
0 0.74375 0.40859375 0.034375 0.0421875
0 0.72734375 0.4125 0.0359375 0.034375
2 0.6934480773750684 0.3290912296782828 0.028397710772388507 0.04900618506293455
2 0.7566111527070334 0.3135738960698854 0.018922716822512696 0.031108290041956366
0 0.0203125 0.75078125 0.040625 0.2046875
0 0.940625 0.8671875 0.09375 0.265625
0 0.81953125 0.821875 0.1328125 0.35625
0 0.69453125 0.8109375 0.1015625 0.378125
0 0.53359375 0.821875 0.1078125 0.35625
0 0.97734375 0.75859375 0.0453125 0.2734375