0 0.0971441078125 0.4296875 0.0967300109375 0.3518763828125 0.10274014375 0.25872536875 0.095757375 0.2505147671875 0.078594115625 0.246648109375 0.069976125 0.2509647796875 0.06677032187500001 0.2649082171875 0.067791440625 0.357936496875 0.0652511109375 0.4296875 0.0971441078125 0.4296875
0 0.1517710671875 0.4296875 0.157001184375 0.2965088734375 0.11625426406249999 0.2895048484375 0.1112083671875 0.4296875 0.1517710671875 0.4296875
0 0.2703125 0.353125 0.025 0.153125
0 0.3078125 0.33515625 0.028125 0.1890625
0 0.01953125 0.34140625 0.0390625 0.1765625
0 0.34765625 0.33984375 0.0390625 0.1796875
0 0.75 0.03046875 0.040625 0.0609375
0 0.84921875 0.04453125 0.0453125 0.0890625
0 0.990625 0.053125 0.01875 0.10625
0 0.9328125 0.04140625 0.040625 0.0828125
0 0.8090416392510527 0.32919698173935075 0.025999939498757917 0.17231137662320534
0 0.30390625 0.796875 0.1046875 0.40625
0 0.19765625 0.7609375 0.0765625 0.478125
0 0.35234375 0.81484375 0.0421875 0.3703125
0 0.4333518137226958 0.7212560223244296 0.02945219242562409 0.22861592370110612
0 0.8338103559753695 0.7226782004897626 0.06097594495970693 0.5447591209411625