0 0.15193725909622788 0.20356787820732497 0.059387924316655474 0.20389128742738744
0 0.2459419702210984 0.20467015178097353 0.04895553846084475 0.14727741439185812
0 0.27233965032872226 0.183084096156621 0.05738877667402047 0.19444351282028158
0 0.30776772807898134 0.17047278019318632 0.05426377667402047 0.19429796360606985
0 0.19526772807898124 0.17571255190480803 0.053133616211103886 0.13655823821317573
2 0.2247669451997078 0.35519884470887897 0.04655397642635144 0.09571491439185813
0 0.525 0.2640625 0.171875 0.509375
0 0.66171875 0.2984375 0.2234375 0.440625
0 0.81640625 0.26640625 0.1453125 0.5046875
0 0.75546875 0.30703125 0.1234375 0.4234375
0 0.04453125 0.98359375 0.0390625 0.0328125
0 0.06015625 0.97734375 0.0390625 0.0453125
0 0.0953125 0.97578125 0.046875 0.0484375
2 0.00546875 0.896875 0.0109375 0.04375
2 0.06834781720177982 0.8685400607961482 0.020569365177646404 0.03993579528527036
0 0.47265625 0.74921875 0.0671875 0.1953125
0 0.5332022216688406 0.7209373147250896 0.08199497849326605 0.2875770827126578
0 0.5843451906515938 0.6927181153870434 0.050590813067950616 0.14891268899896398
0 0.6427762748119937 0.7033067049241267 0.07643418320799569 0.2686087588913402