0 0.0546875 0.22265625 0.109375 0.4453125
0 0.5078125 0.08515625 0.10625 0.1703125
0 0.4421875 0.15390625 0.109375 0.3078125
0 0.7203125 0.0859375 0.11875 0.171875
0 0.07734375 0.90625 0.1109375 0.1875
0 0.0328125 0.89296875 0.065625 0.2140625
0 0.14921875 0.94765625 0.0890625 0.1046875
0 0.21555133873666749 0.8686323957515875 0.09189213996249954 0.21307431301126592
0 0.24347057865189878 0.8078169162055584 0.07271291300675883 0.1719946719450392
0 0.50625 0.796875 0.2875 0.40625
0 0.41484375 0.871875 0.1578125 0.25625
0 0.67109375 0.83125 0.2671875 0.3375
0 0.84765625 0.79921875 0.1765625 0.4015625
0 0.78203125 0.83984375 0.1484375 0.3203125