0 0.18515625 0.365625 0.1203125 0.328125
0 0.08203125 0.38515625 0.1171875 0.2890625
0 0.2855263927387256 0.3793069243410427 0.09727554250907655 0.20674979991529535
0 0.027526844829622643 0.22676356619442112 0.053085190722190666 0.1168836631118273
0 0.0109375 0.2859375 0.021875 0.146875
0 0.01875 0.43203125 0.0375 0.1953125
0 0.734375 0.37109375 0.178125 0.3171875
0 0.83359375 0.27265625 0.3078125 0.5140625
0 0.95234375 0.31015625 0.0953125 0.4390625
0 0.7171875 0.85234375 0.24375 0.2953125
0 0.6078125 0.83046875 0.228125 0.3390625
0 0.7875 0.86640625 0.128125 0.2671875
0 0.8595435073771928 0.8182608214560929 0.09277372631118493 0.28754477360693614