0 0.27265625 0.18359375 0.1328125 0.0921875
0 0.17890625 0.1765625 0.1390625 0.10625
0 0.1610145365540781 0.10433525890085664 0.08883886181247735 0.16991568511654273
0 0.11901800123661772 0.13932038331029348 0.07367493676633483 0.15223711179556504
0 0.046875 0.19765625 0.0875 0.0640625
0 0.5625 0.15703125 0.0875 0.1453125
0 0.4984375 0.15859375 0.078125 0.1421875
0 0.40625 0.134375 0.084375 0.190625
0 0.36875 0.11875 0.059375 0.221875
0 0.565625 0.1953125 0.1 0.06875
2 0.01171875 0.5875 0.0234375 0.046875
0 0.456784804909559 0.7820063911148418 0.0529223457733484 0.12033234736759475
0 0.47180902761166293 0.7908357540915333 0.05478523442229637 0.1250744110699257
0 0.4275676742801754 0.7635391333102934 0.0490964389258032 0.10928571996293304
0 0.4077861004060521 0.7681274295894293 0.05262195712440043 0.11564484736759476
0 0.36933486968438356 0.7842807084453697 0.05801036397194572 0.1267460384745874
2 0.42879711212624444 0.6348784199707824 0.02976664558877822 0.050927582939624474
2 0.5010528439276472 0.6385912078123975 0.028304275138427572 0.052435519237293705
2 0.42638830120893106 0.8914185966498046 0.038079793337024895 0.05901290145127902
2 0.39783370219638015 0.9477603658870983 0.04070414558877831 0.051309528855940555
2 0.4368251534606845 0.8988491507334885 0.025540220542635696 0.03363095553496294