0 0.10390625 0.175 0.1171875 0.35
0 0.190625 0.12265625 0.1 0.2453125
0 0.24140625 0.11953125 0.0859375 0.2390625
0 0.28515625 0.140625 0.0984375 0.28125
0 0.378125 0.17109375 0.103125 0.3421875
0 0.8546875 0.04296875 0.046875 0.0859375
0 0.88984375 0.0734375 0.0453125 0.146875
0 0.7 0.02890625 0.034375 0.0578125
0 0.6633630293192767 0.10838176907231727 0.03761410580511537 0.13998638257342347
0 0.29708329800841626 0.6045077174079989 0.12637404935917865 0.31657403859206373
0 0.0203125 0.675 0.040625 0.3125
0 0.5559597239696483 0.6895744147179954 0.03539684137714509 0.1211179834032606
0 0.5738193465649866 0.6913378242611206 0.03712303248413758 0.12592388257342346
0 0.5219121061836335 0.6828041964615819 0.03501489546082901 0.11018048340326062
0 0.5035886921184829 0.6943220369184566 0.036795650270152434 0.11654888257342347
0 0.47219235917885827 0.7231933207366357 0.040302596186468434 0.1277231809137497
2 0.4784026975607786 0.5676653711515541 0.026800602176918265 0.05345688672260849
2 0.5446551801375834 0.5447238560047071 0.026636911069925696 0.048769386722608485
2 0.5654487966576538 0.7971617717716096 0.029598219962933037 0.04431868506293455
2 0.559387280415585 0.8591765196970172 0.029598219962933214 0.04431868506293455
2 0.5784572281459995 0.8039678788252239 0.025927582939624473 0.028456886722608488