0 0.3490858872269911 0.24222996673163247 0.06321117349399667 0.20360560124083732
0 0.3875 0.23828125 0.04375 0.2234375
0 0.4578125 0.16640625 0.096875 0.3328125
0 0.62578125 0.040625 0.0609375 0.08125
0 0.6796875 0.12421875 0.109375 0.2484375
0 0.78984375 0.1453125 0.1109375 0.290625
0 0.8375 0.12578125 0.071875 0.2515625
0 0.728125 0.115625 0.08125 0.23125
0 0.14609375 0.41328125 0.0828125 0.1265625
0 0.03125 0.39921875 0.0625 0.0984375
0 0.3453125 0.48359375 0.075 0.2671875
0 0.24296875 0.4546875 0.0953125 0.209375
0 0.378125 0.6109375 0.0625 0.321875
0 0.7559806293344833 0.4997635973055649 0.044416399887060545 0.12137225544788173
0 0.6588788452042035 0.5776922193295226 0.05535389988706054 0.12213707995351371
0 0.5978294111868631 0.7773755090541778 0.05646137357870131 0.11443384059717551
0 0.6089019610315713 0.6142035196978396 0.03919827886860805 0.0852162341605581
0 0.6316855556004903 0.4385151048471335 0.03975972099021767 0.06813799480421992
0 0.77109375 0.36171875 0.0265625 0.0234375
0 0.7 0.3828125 0.03125 0.065625
0 0.8781216688676092 0.5710590791203346 0.03743835779368574 0.10843521287323483
0 0.7799201163214781 0.6544018208224613 0.04745039462538862 0.120028276735205
0 0.7112071846526249 0.5546806902485288 0.039471294653623534 0.08990373416055811