0 0.16106750604708875 0.33284231399720865 0.07076812802354429 0.17704053482570908
0 0.09453125 0.4515625 0.0859375 0.096875
0 0.2125 0.421875 0.103125 0.15625
0 0.2375658240372255 0.26423947817613136 0.0625920013526354 0.1453810990500603
0 0.32890625 0.43671875 0.1015625 0.1265625
0 0.2879299980505886 0.36525642356271854 0.07002269334818116 0.11297803482570909
0 0.3956964973742709 0.29985383084423634 0.05443405601527189 0.11528416327441153
0 0.438211808720543 0.3973363404551747 0.07385676535645355 0.1740793091359686
0 0.0703125 0.41953125 0.071875 0.1609375
0 0.975 0.028125 0.05 0.05625
0 0.89140625 0.01875 0.0921875 0.0375
2 0.9828125 0.25390625 0.034375 0.1453125
0 0.0890663313971789 0.767482907620202 0.0868112986950896 0.2137969063770065
0 0.27734375 0.84375 0.1015625 0.3125
0 0.19333620806808777 0.8041784034363305 0.10080216804581603 0.34257700361804455
0 0.346875 0.903125 0.084375 0.19375
0 0.43056294072245205 0.7260411945936177 0.08535788669636232 0.2230900192218769
0 0.9265625 0.553125 0.040625 0.10625
0 0.9875 0.63515625 0.025 0.1140625
0 0.8736840426877718 0.6113114727490644 0.03900905068427196 0.13165279172311406
0 0.8502192706874535 0.6077394154221182 0.05170904535327185 0.14949538896415207