0 0.1374548167056827 0.18837542653175623 0.1415416084715549 0.3108413893989356
0 0.10078125 0.146875 0.1453125 0.29375
0 0.0515625 0.109375 0.103125 0.2125
0 0.2778381243066724 0.16476206759768175 0.15078021615168674 0.30691916394474283
0 0.33359375 0.13828125 0.1546875 0.2765625
0 0.15729229209507647 0.09334984001745701 0.07657452335696498 0.1138071506088231
0 0.4046875 0.0984375 0.11875 0.196875
0 0.7617261296875 0.5890625 0.7067859125 0.454867778125 0.6516214687499999 0.3051972671875 0.6391638296875 0.2951806546875 0.6228260546875 0.296555475 0.61875 0.2985822453125 0.61875 0.40393469375 0.6401959500000001 0.45033399531249996 0.6857677265625 0.5581422109374999 0.6969984609375001 0.5890625 0.7617261296875 0.5890625
0 0.84140625 0.44765625 0.2109375 0.2828125
0 0.8633627841775177 0.3383597089534712 0.0806088054894186 0.14531224212409216
0 0.40859375 0.69375 0.2484375 0.209375
0 0.34140625 0.696875 0.1390625 0.215625
0 0.37265625 0.6765625 0.1359375 0.175
0 0.6706046343358023 0.6977667887998107 0.10035901583511767 0.18121779121570664
0 0.6940745412371466 0.8882960650126078 0.12332515439406197 0.2205034318225902
0 0.7890625 0.83359375 0.1625 0.3328125
0 0.715625 0.63203125 0.0875 0.0859375
0 0.8971109615328332 0.8214745821415492 0.1612008906040085 0.3436219384905499
0 0.7875731739901033 0.6730214935012181 0.08613137978345584 0.12082242515463033
0 0.86484375 0.60859375 0.0734375 0.0390625
0 0.92890625 0.65625 0.1015625 0.134375
0 0.96796875 0.82265625 0.0640625 0.2265625
0 0.98046875 0.76875 0.0390625 0.26875
0 0.66171875 0.84140625 0.0859375 0.2265625