0 0.34765625 0.02890625 0.0734375 0.0578125
0 0.396875 0.0515625 0.06875 0.103125
0 0.44609375 0.06171875 0.0640625 0.1234375
0 0.5140625 0.06953125 0.053125 0.1390625
0 0.53671875 0.046875 0.0671875 0.09375
0 0.91640625 0.11953125 0.1546875 0.2390625
0 0.7015625 0.11953125 0.103125 0.2390625
0 0.775 0.15390625 0.125 0.1703125
0 0.9625 0.11953125 0.075 0.2390625
0 0.35703448778706975 0.6090981154121328 0.0873450282669884 0.32581816000954494
0 0.25172951209732924 0.6109958753978152 0.08348304387082059 0.311719297342454
0 0.45592568916655074 0.6040026300922685 0.07594278154634856 0.19763861600890867
0 0.16977018317365697 0.6561078333863612 0.07832415309764613 0.21328179734245403
0 0.1650063608087054 0.446024308720543 0.06007876413349429 0.16309998400699968
0 0.13839295115233838 0.48943795404995233 0.046759892582196726 0.14732953333863605
0 0.11731024649349706 0.6234856900461343 0.053658345770699965 0.1895715773392725
0 0.971875 0.571875 0.05625 0.503125
0 0.8667503245126582 0.5717435660804963 0.07517257688750742 0.3319227093411815
0 0.7486996873575285 0.5688083753978151 0.11156153550307764 0.5197317920114539
0 0.659375 0.56796875 0.01875 0.3515625
0 0.900486837402957 0.4854702587523597 0.09456438602347603 0.40397952267663584