0 0.2641879714843279 0.31901179513108435 0.06651818401734041 0.20471624373179384
0 0.3359418741433986 0.3457812321198183 0.07141705759604164 0.31560827962517113
0 0.39921875 0.37890625 0.0765625 0.3015625
0 0.4484375 0.428125 0.0625 0.203125
0 0.5390625 0.35390625 0.040625 0.3078125
0 0.6 0.33046875 0.078125 0.3984375
0 0.68359375 0.37265625 0.0921875 0.3140625
0 0.80859375 0.340625 0.1015625 0.378125
0 0.93046875 0.37109375 0.0640625 0.3171875
0 0.0359375 0.8859375 0.071875 0.228125
0 0.14921875 0.8703125 0.0796875 0.259375
0 0.2453125 0.89140625 0.065625 0.2171875
0 0.16817606342241084 0.7216952112701358 0.05090859456891898 0.17774456677218975
0 0.59140625 0.68515625 0.0640625 0.3109375
0 0.619384434723212 0.7377353999082225 0.05218266823232476 0.19961956677218975
0 0.734375 0.675 0.071875 0.290625
0 0.7984375 0.653125 0.078125 0.246875