0 0.03125 0.30703125 0.0625 0.2078125
0 0.0828125 0.325 0.13125 0.228125
0 0.1453125 0.353125 0.14375 0.171875
0 0.18984375 0.41796875 0.1046875 0.0421875
0 0.29375 0.365625 0.13125 0.146875
0 0.3328125 0.334375 0.1375 0.209375
0 0.08984375 0.64609375 0.1796875 0.4140625
0 0.05859375 0.59375 0.1171875 0.309375
0 0.1109375 0.678125 0.209375 0.478125
0 0.3586293372592378 0.7204638775742978 0.20023319399035025 0.46764883538669527
0 0.41796875 0.7578125 0.1421875 0.459375
0 0.453125 0.79921875 0.071875 0.3109375
0 0.20202655560261257 0.6008631617877158 0.0773182508107789 0.13543155771188112
0 0.78046875 0.7828125 0.2140625 0.434375
0 0.89921875 0.83046875 0.1515625 0.3390625
0 0.95703125 0.82421875 0.0859375 0.3515625
0 0.6649105649381035 0.7517138444571879 0.1495592637964224 0.3378323606144388
0 0.5328125 0.6734375 0.0875 0.46875
0 0.6000179963498473 0.6626761371081266 0.17764908197764145 0.42625994355406327
0 0.9609375 0.81328125 0.078125 0.2828125