0 0.06796875 0.334375 0.0734375 0.090625
0 0.178125 0.30859375 0.078125 0.1421875
0 0.16880804557232326 0.2118525129986307 0.05238063231716552 0.1421253155185484
0 0.28203125 0.31796875 0.0765625 0.1234375
0 0.2580023557789778 0.1866048089211379 0.07124880698520072 0.16298338479802066
0 0.396875 0.1984375 0.04375 0.1125
0 0.39765625 0.2953125 0.0421875 0.16875
0 0.01015625 0.62421875 0.0203125 0.1109375
2 0.028125 0.81875 0.05625 0.059375
2 0.01328125 0.76953125 0.0265625 0.0390625
0 0.6212654250608185 0.6038605050810719 0.07435562626704133 0.159949313011266
0 0.5608546450065892 0.6493608731860452 0.061910168421519175 0.16896060015828454
0 0.7321302021881816 0.6131325535108616 0.07602721057599685 0.17874477711788872
0 0.43671875 0.64140625 0.0359375 0.1046875