0 0.21171875 0.03125 0.0671875 0.0625
0 0.253125 0.02265625 0.0625 0.0453125
2 0.10900555128986164 0.10492765019584827 0.06471842306201392 0.10004846680652087
0 0.9046875 0.11484375 0.18125 0.2296875
0 0.78125 0.1140625 0.115625 0.228125
0 0.6625 0.11484375 0.184375 0.2296875
0 0.565625 0.084375 0.09375 0.16875
0 0.41420350398715333 0.884923726130576 0.04807643692972228 0.1221835759347277
0 0.43004670953423674 0.8931147344289456 0.04974803970326391 0.12698947510489073
0 0.3832801590973965 0.867701259948755 0.04469686379145834 0.11100927759440164
0 0.36383982807534776 0.8730874995757928 0.04796733415618064 0.1174960759347277
0 0.3266853201915631 0.8907728296597053 0.05290940729444458 0.1287887734452168
0 0.48317813554295147 0.2841173201119357 0.041499128609097366 0.10764747925407558
2 0.371722450416181 0.7410087053846516 0.029288762917777867 0.05213118506293437
2 0.44454235457649355 0.742534393972071 0.02278418977951393 0.04072008838228243
2 0.38671875 0.98671875 0.0265625 0.0265625
2 0.39921875 0.9921875 0.0265625 0.015625
0 0.8171875 0.57265625 0.290625 0.6859375
0 0.7350926597629865 0.47090969293709695 0.15778527735416698 0.47987952199532435
0 0.909375 0.61328125 0.18125 0.7671875