0 0.296875 0.325 0.084375 0.06875
0 0.41015625 0.321875 0.0765625 0.075
0 0.4316259415466968 0.2650430441595134 0.05183950956072394 0.17736613680346808
0 0.1911616278516063 0.22924423912372047 0.059051232262828005 0.1684461631118273
0 0.1578125 0.28515625 0.05625 0.1484375
0 0.3556654164082692 0.20924879949177236 0.05260097316352948 0.16495714206513998
0 0.63359375 0.0453125 0.0515625 0.090625
0 0.68203125 0.0515625 0.0421875 0.103125
0 0.6152520789590271 0.17382796800644584 0.032609845773348314 0.1202060841867496
0 0.6914641255352544 0.17281847582836649 0.029706088833518152 0.0748935841867496
0 0.7210317095884106 0.16053057843096755 0.04034320018457009 0.0708431210184525
0 0.1671875 0.54609375 0.084375 0.3734375
0 0.2203125 0.58046875 0.090625 0.4421875
0 0.38828125 0.44609375 0.0546875 0.1734375
0 0.45390625 0.54296875 0.0890625 0.3671875
0 0.553125 0.5625 0.071875 0.40625
0 0.2775682996585463 0.46593216802056336 0.06005252775932135 0.1840711631118273
0 0.825 0.696875 0.165625 0.60625
0 0.71875 0.67578125 0.153125 0.6328125
0 0.9034263001199717 0.6532354759695409 0.07975946020671945 0.41871917889684285
0 0.9703125 0.5984375 0.059375 0.390625