0 0.0468750696207517 0.2747716456185733 0.06239120653952135 0.19065374373179383
0 0.12984939570447507 0.3116017073761981 0.08161073323126704 0.31762542069139793
0 0.1921875 0.35546875 0.084375 0.2890625
0 0.2421875 0.4140625 0.065625 0.171875
0 0.31796875 0.34609375 0.0421875 0.3078125
0 0.4904288210664454 0.3629285266556703 0.03497186068413445 0.13055131802583092
0 0.4230184865797651 0.36644232007089494 0.03847886266130089 0.14001724623907635
0 0.44680615505883414 0.35853053167023513 0.0369163626613009 0.13997178213245362
0 0.5055935646406547 0.3938746497752085 0.03178319368794007 0.1288978898125855
0 0.3714413991273352 0.3844959866056577 0.028467192699356936 0.12411946159934004
2 0.4221456891649537 0.1959024995377816 0.035804848821136395 0.07439224623907634
2 0.5115265241459257 0.19068145361527442 0.019161176882026076 0.04893760517284953
0 0.5036012776059667 0.17402515102884966 0.02837435079830275 0.08353992570596294
0 0.3390625 0.6232435453124999 0.3110591734375 0.7844525859375 0.2820031796875 1 0.33050546875000003 1 0.3390625 0.9416349328125001 0.3390625 0.6232435453124999
0 0.03125 0.71328125 0.0625 0.4265625
0 0.1265625 0.58515625 0.0625 0.1703125
0 0.696875 0.75 0.140625 0.5
0 0.37890625 0.72578125 0.0796875 0.4171875
0 0.47421875 0.57109375 0.0578125 0.1421875