0 0.35546875 0.0484375 0.1328125 0.096875
0 0.2734375 0.02890625 0.0875 0.0578125
2 0.4946692879860901 0.17191790052234507 0.09696252471457942 0.12255681043863902
0 0.6770626353243518 0.4569508661097165 0.11640754448624283 0.21721686305535748
0 0.88203125 0.42421875 0.1515625 0.3109375
0 0.784375 0.42109375 0.15 0.3171875
0 0.9546875 0.45234375 0.090625 0.2171875
0 0.95546875 0.240625 0.0890625 0.225
0 0.28828125 0.90078125 0.2015625 0.1984375
0 0.2296875 0.89140625 0.2 0.2171875
0 0.20078125 0.92734375 0.1140625 0.1453125
0 0.49765625 0.83359375 0.1859375 0.3328125
0 0.43125 0.8484375 0.15 0.303125
0 0.317789747491361 0.9151659135353503 0.07403436068413445 0.13369173151356145
0 0.56171875 0.8375 0.0765625 0.325
2 0.834375 0.9609375 0.175 0.078125