0 0.109375 0.14609375 0.13125 0.2921875
0 0.04765625 0.11953125 0.0953125 0.2390625
0 0.17396165322871565 0.17274590963885644 0.10044957195929065 0.2151584272121397
0 0.2765625 0.0453125 0.103125 0.090625
0 0.7176903442945942 0.32554126985410414 0.08158825599585598 0.1784204065339753
0 0.67734375 0.51875 0.1015625 0.08125
0 0.938180588503626 0.0938780851983663 0.07072353060296202 0.17947348428423432
0 0.8120097326316046 0.2252629799455173 0.07243157981717356 0.18267125889134023
0 0.8421875 0.053125 0.059375 0.10625
2 0.8015625 0.0375 0.065625 0.075
2 0.9129322237402644 0.2844859685729778 0.07744010339082194 0.08935790653397531
2 0.8915023717971842 0.42658357734048347 0.05949062406898662 0.10567211124870504
2 0.86484375 0.53359375 0.0578125 0.0515625
0 0.19453125 0.62734375 0.1359375 0.1359375
0 0.10703125 0.67109375 0.1390625 0.2234375
2 0.26638459367542167 0.8936663393321954 0.08547092721213971 0.09440927956950454
2 0.3379686110438172 0.6120310415657259 0.08227315260503403 0.0927012303552928
0 0.59140625 0.7796875 0.1984375 0.440625
0 0.80703125 0.7796875 0.1765625 0.440625