0 0.08750873200792278 0.16995541296884226 0.10513707195929065 0.21426588584218215
0 0.15222835752465133 0.21979421106207644 0.14133574524248899 0.3216071598887993
0 0.20472196484441502 0.2918254676854984 0.13999156906380678 0.32624009618646854
0 0.24524211103930807 0.3579787465414389 0.09488877667402047 0.1951885036281972
0 0.3421875 0.30546875 0.115625 0.3171875
0 0.36875 0.2703125 0.0625 0.325
0 1 0.16538666562499998 0.9916046703125 0.1624718234375 0.9830732375 0.16417330937500002 0.9789991765625 0.171461709375 0.9515469281249999 0.2724242 0.9383526062499999 0.3351162578125 0.9019479734375 0.46875 0.960192821875 0.46875 0.97554224375 0.40579075312499996 1 0.2877008171875 1 0.16538666562499998
0 0.482738965625 0.46875 0.5220528078125 0.24651384375 0.5542542703125 0.0987651078125 0.5485226296875 0.0842899109375 0.5330716093750001 0.0768322421875 0.4956764546875 0.0727352296875 0.46694221718750006 0.0882432171875 0.47204186875000004 0.14931841875000001 0.464619778125 0.20806575781249997 0.44667624375 0.3175440578125 0.42054142656250004 0.43449699375 0.41518955 0.46875 0.482738965625 0.46875
0 0.42661240468750006 0 0.4252102546875 0.006274596875000001 0.4 0.18082550625 0.4 0.46875 0.42566816875 0.46875 0.4527062421875 0.3391873640625 0.4753152375 0.1942405703125 0.4663927765625 0.10650052031249999 0.46864175625 0.10008402031250001 0.4780641484375 0.094395503125 0.49180928125 0.021943265625 0.4793712890625 0.008297653125 0.4621157109375 0 0.42661240468750006 0
0 0.60625 0.32265625 0.15625 0.2921875
0 0.7171875 0.31953125 0.128125 0.2984375
0 0.0671875 0.76875 0.134375 0.34375
0 0.1890625 0.87890625 0.1625 0.2421875
0 0.3140625 0.87890625 0.121875 0.2421875
0 0.453125 0.81953125 0.10625 0.3359375
0 0.52421875 0.834375 0.1453125 0.33125
0 0.45859375 0.64921875 0.1171875 0.3296875
0 0.5578125 0.909375 0.09375 0.18125