0 0.09453125 0.43984375 0.1890625 0.4578125
0 0.36015625 0.434375 0.2515625 0.46875
0 0.14992924242522648 0.3730759691602038 0.1559113217991248 0.4117192708808471
0 0.540625 0.4296875 0.078125 0.465625
0 0.43671875 0.39609375 0.2046875 0.5453125
0 0.59453125 0.34765625 0.0296875 0.2671875
0 0.6558716259623116 0.4772271379745064 0.11793328697341572 0.34276928298109544
0 0.77109375 0.44375 0.1734375 0.45
0 0.8970631919956851 0.43799296291368783 0.1237672071452323 0.3646715540583344
0 0.96953125 0.4203125 0.0609375 0.48125
0 0.96640625 0.359375 0.0671875 0.31875
0 0.167215239711693 0.8199277223816577 0.0669019742194024 0.17377384328594586
2 0.37839175712454765 0.7867708304983264 0.0797494549975255 0.09106133723582169
2 0.4428836250578005 0.8684208062978296 0.09748358887329509 0.22081246974937904