0 0.26640625 0.06796875 0.1546875 0.1359375
0 0.64375 0.05078125 0.071875 0.1015625
0 0.61171875 0.06953125 0.1359375 0.1390625
0 0.7484375 0.06328125 0.10625 0.1265625
0 0.72265625 0.24296875 0.0796875 0.0921875
0 0.19970052282207576 0.6637228867772225 0.09779235965300899 0.21133884992375015
0 0.3066712160668155 0.68961519918191 0.12016561227390277 0.3413536582443751
0 0.3050121792081956 0.5054765885245838 0.07004928901808824 0.1436058360560417
0 0.40073089913252263 0.7331489532659725 0.11850298272425341 0.3397547906531944
0 0.40043530073828054 0.48507512917777823 0.09020110271317883 0.16591724715020834
0 0.4800667481450735 0.7903815314382296 0.09476748920265834 0.21282861474138884
0 0.5380738055186425 0.5756481906325353 0.09683063695090492 0.2206774823325695
0 0.5546464435492816 0.7733953596104867 0.0808446915466968 0.23902743882958344
0 0.840625 0.30859375 0.0875 0.0390625
0 0.921875 0.3125 0.06875 0.046875
0 0.7372832611018835 0.39989808254066006 0.0664841980251019 0.11231946846486114
0 0.70859375 0.53515625 0.0578125 0.1484375
0 0.7851571614710238 0.538307272320174 0.09524954811738677 0.14731271751493064
0 0.8514330035437443 0.5499909611497573 0.06602312307124443 0.12947060087368065
0 0.8977968638150621 0.5674518712939935 0.05704864126984166 0.13550239532659739
0 0.7399319039128847 0.6846906566288544 0.06339877081949093 0.1372103656913195
0 0.7046875 0.6765625 0.05 0.10625
0 0.8033633482373584 0.688507294071667 0.046772475322997664 0.12122168977951393
0 0.9140157418235519 0.4188331865484726 0.06109579117755644 0.1012728656913195
0 0.6953125 0.38203125 0.03125 0.1109375
0 0.8805266255352544 0.6996643060395142 0.0391812183831675 0.0758000870059723
0 0.9120572277870078 0.6925973416587157 0.0483559592838688 0.07289329255305574