0 0.021875 0.265625 0.04375 0.478125
0 0.10114870806808778 0.28431074782192195 0.08356012404517976 0.3351311694377568
0 0.22265625 0.3171875 0.1296875 0.484375
0 0.193553836728179 0.23857836216597147 0.07389422270845251 0.30985838479802064
0 0.866237675 0 0.8502241312500001 0.09159891718749999 0.8426663171875 0.15610831249999998 0.8124011031249999 0.328753909375 0.7810921890625 0.559375 0.8297315749999999 0.559375 0.8451985359374999 0.45468910312500005 0.8671310218750001 0.3464216625 0.8855893375000001 0.2221683140625 0.9031213125 0.06836282187500001 0.9148643546875 0 0.866237675 0
0 0.3796875 0 0.3796875 0.559375 0.3948427609375 0.559375 0.40714021718750004 0.433228525 0.409982815625 0.36232145781249997 0.42987131874999995 0.12912793281249998 0.4459129 0 0.3796875 0
0 0.5256123587284971 0.24998224577685785 0.10338282272436103 0.427864238717229
0 0.62421875 0.16953125 0.0921875 0.3390625
0 0.3203125 0.58359375 0.046875 0.0484375
0 0.36015625 0.6015625 0.0390625 0.084375
0 0.025 0.79140625 0.05 0.1734375
0 0.03430720074790532 0.6703258380175836 0.03978975334181776 0.06363660266556703
0 0.33099239143058645 0.7968873041692703 0.06835220003181668 0.2362844924781527
0 0.25419408143694977 0.8415118308914475 0.05000109468490823 0.13578438730530315
0 0.21247020544235867 0.8801280500126353 0.042043144016544784 0.12305706677218957
0 0.61015625 0.6640625 0.1078125 0.209375
0 0.56484375 0.6875 0.1078125 0.25625
0 0.75859375 0.703125 0.1234375 0.2875
0 0.909375 0.709375 0.1125 0.3
0 0.959375 0.7234375 0.08125 0.328125
0 0.6570436247214975 0.7603634678010394 0.08872033871736136 0.37589256175762475