0 0.34140625 0.2046875 0.1234375 0.409375
0 0.4372387496470641 0.20886580967459648 0.17734781015629048 0.3998793037225118
0 0.48984375 0.26328125 0.1484375 0.2921875
0 0.61015625 0.2546875 0.2109375 0.309375
0 0.7359375 0.31328125 0.146875 0.1921875
0 0.8546875 0.30625 0.209375 0.20625
0 0.84296875 0.30859375 0.1234375 0.2015625
0 0.7612299864928845 0.22763114323440653 0.10383617349399668 0.20644637797604232
0 0.09453125 0.56953125 0.1890625 0.3203125
0 0.0609375 0.515625 0.121875 0.2125
0 0.12265625 0.6015625 0.2140625 0.384375
0 0.20546875 0.475 0.0796875 0.13125
0 0.91953125 0.54609375 0.1609375 0.2734375
0 0.846875 0.5625 0.171875 0.30625
0 0.8029162285297897 0.5851272969372479 0.12748504707269798 0.31858574505632137
0 0.6116912600292335 0.6550088361577 0.162375257539572 0.383270957929556
0 0.6691320337067568 0.6660280996513535 0.11997638396087065 0.2698204631253363