0 0.075 0.26171875 0.11875 0.4546875
0 0.22109375 0.24453125 0.1640625 0.4890625
0 0.3796875 0.29921875 0.11875 0.3796875
0 0.11796875 0.1171875 0.1046875 0.234375
0 0.9119649374984032 0.1467730032431156 0.08332687195958358 0.2919614034085667
0 0.82578125 0.1234375 0.0859375 0.246875
0 0.978125 0.20625 0.04375 0.178125
0 0.740625 0.0921875 0.075 0.184375
0 0.04609375 0.8296875 0.0921875 0.340625
0 0.17547865757878495 0.7845655093321955 0.07805749050069473 0.26687958279171564
0 0.2375 0.88359375 0.084375 0.2328125
0 0.35390625 0.859375 0.1265625 0.28125
0 0.7390625 0.64453125 0.140625 0.3109375
0 0.87734375 0.74453125 0.1640625 0.5109375
0 0.8828125 0.525 0.09375 0.071875
0 0.6453125 0.68828125 0.178125 0.3984375