0 0.04379369273653797 0.2731088486233236 0.062351397261712016 0.3039977532464109
0 0.12373320212807819 0.3162764216758065 0.07092790121604473 0.3228841209411627
0 0.1876166299986874 0.36832411688726807 0.06114704152049342 0.19780230032431162
0 0.2669274452079959 0.28094111932290006 0.06503072828835119 0.29311480032431164
0 0.28875868285070627 0.22192462946916985 0.06461423421985017 0.32121252678536116
0 0.57265625 0.3890625 0.0640625 0.2
0 0.55390625 0.36484375 0.0703125 0.2484375
0 0.515789415056209 0.3463338888013653 0.056841543497659686 0.2070954797074606
0 0.7171875 0.4 0.075 0.178125
0 0.79140625 0.378125 0.0734375 0.221875
0 0.6266460020143474 0.3615986043053664 0.052512187756441085 0.1008454797074605
0 0.87109375 0.4 0.0640625 0.178125
0 0.01875 0.6171875 0.0375 0.25625
0 0.05390625 0.51015625 0.0578125 0.0421875
0 0.1453125 0.61484375 0.075 0.2515625
0 0.21953125 0.59296875 0.0703125 0.2078125
2 0.494395940227899 0.5317025986233235 0.03373301285158128 0.061482970779006774