0 0.05234375 0.2234375 0.1046875 0.290625
0 0.146875 0.2875 0.1625 0.1625
0 0.29296875 0.25390625 0.2171875 0.2296875
0 0.07265625 0.20625 0.1453125 0.325
0 0.32421875 0.225 0.1921875 0.2875
0 0.48515625 0.08984375 0.0703125 0.1796875
0 0.5015625 0.1125 0.103125 0.225
0 0.61875 0.15 0.159375 0.3
0 0.73515625 0.128125 0.1046875 0.25625
0 0.86171875 0.17421875 0.1546875 0.3484375
0 0.21416880484055537 0.49192760391560186 0.08302494120271575 0.1583695108957633
0 0.09594559079791827 0.8317874154317838 0.0838371687014785 0.20357275025210164
0 0.2668656004088567 0.7785810159163165 0.06755707146044046 0.18998014381548423
0 0.03359375 0.4125 0.0546875 0.0875
0 0.37421875 0.428125 0.0546875 0.11875
0 0.26796875 0.97109375 0.0546875 0.0578125
0 0.48515625 0.7296875 0.0703125 0.540625
0 0.628125 0.7984375 0.146875 0.403125
0 0.76953125 0.7640625 0.2046875 0.471875
0 0.9234375 0.828125 0.146875 0.34375
0 0.6937411974227521 0.6336658977507565 0.12509068973237766 0.33722648441265973