0 0.039490992548445195 0.3440643419398664 0.045644058326407236 0.2769624893379998
0 0.12421875 0.440625 0.0484375 0.15625
0 0.1859375 0.4546875 0.04375 0.128125
0 0.22109375 0.3796875 0.0453125 0.278125
0 0.2635824085560564 0.3445803205760951 0.05434789627312888 0.29892839600572696
0 0.31048658346091607 0.30499056190327717 0.034584541520493416 0.1971840826702726
0 0.0875 0.3796875 0.05 0.278125
0 0.5859375 0.0453125 0.0625 0.090625
0 0.61796875 0.11875 0.0578125 0.2375
0 0.98828125 0.73125 0.0234375 0.325
0 0.8755492148681163 0.747598421944639 0.04284271049385406 0.2082124893379998
0 0.9087994080617647 0.6214899079408209 0.04753552768032883 0.13174089600572714
0 0.9359375 0.54765625 0.040625 0.0578125