0 0.115625 0.04609375 0.103125 0.0921875
0 0.20859375 0.05390625 0.0734375 0.1078125
0 0.2390625 0.06953125 0.096875 0.1390625
0 0.2828125 0.08203125 0.10625 0.1640625
0 0.190625 0.0125 0.06875 0.025
2 0.12061096489004708 0.18125 0.07250842055068922 0.0984375
0 0.84140625 0.21953125 0.3078125 0.4390625
0 0.22109375 0.615625 0.2546875 0.353125
0 0.1275394000196705 0.58125 0.1761354371464357 0.284375
0 0.5140625 0.70859375 0.071875 0.2640625
0 0.49140625 0.81640625 0.1171875 0.3671875
0 0.8140625 0.728125 0.325 0.54375
0 0.5921875 0.55625 0.084375 0.196875
0 0.76328125 0.78046875 0.2515625 0.4390625