0 0.43515625 0.13046875 0.1609375 0.2609375
0 0.54765625 0.13125 0.1671875 0.2625
0 0.65078125 0.10390625 0.1234375 0.2078125
0 0.31794867751015266 0.11530151835548086 0.11714313695090492 0.22535855027685514
0 0.26171875 0.0953125 0.1328125 0.190625
0 0.86796875 0.16953125 0.2171875 0.3390625
0 0.89609375 0.178125 0.2078125 0.321875
0 0.846875 0.1984375 0.140625 0.28125
0 0.6421609359375 0.3390625 0.6389286390625 0.350452509375 0.6246054203125 0.41428154531250005 0.576226396875 0.5844625234375 0.5159677968749999 0.8319243140625 0.5172088968749999 0.8436607921875 0.5206966937499999 0.8459177062500001 0.5534519687499999 0.8536808484375001 0.5630764984375001 0.8402286984374999 0.5958526484375 0.712119096875 0.6291467 0.6055866140624999 0.6606390234374999 0.48289390625 0.69244700625 0.3390625 0.6421609359375 0.3390625
0 0.1481009328125 0.3390625 0.1321360140625 0.42820680625000007 0.10389181562500001 0.5473784578125 0.0595486953125 0.80576374375 0.0389261765625 0.8995662296875 0.0420117328125 0.910309559375 0.0776128921875 0.9230380624999999 0.09084505468750001 0.9147318125 0.09946816093750001 0.8953211515625 0.12422039062500001 0.8010671343750001 0.15431322187500002 0.6537277890625 0.164588015625 0.58321809375 0.208926959375 0.35200735625 0.2119257453125 0.3390625 0.1481009328125 0.3390625
0 0.0766505328125 0.3390625 0.048230198437499996 0.45407960625 0.0340611953125 0.557993353125 0.001037021875 0.7346740781250001 0 0.749999928125 0 0.7733820984374999 0.0049999921875 0.7756614828124999 0.033907960937499995 0.77250075625 0.052994454687500005 0.759860840625 0.0683107484375 0.7563394125 0.071118078125 0.7512835953125 0.0850776125 0.70596215625 0.10028659531249999 0.6180280953125 0.1377999890625 0.44956279062500004 0.1567351234375 0.3390625 0.0766505328125 0.3390625
0 0.28984375 0.52578125 0.1859375 0.3734375
0 0.41171875 0.44296875 0.1359375 0.2078125
0 0.7390625 0.9360188375 0.76073564375 0.853311603125 0.8252865187499999 0.5911338953125 0.8515622484375 0.4972409546875 0.8489987687499999 0.48090019218749996 0.8229794109374999 0.47187290781249996 0.81059028125 0.47322750625000004 0.80605833125 0.48216545312500003 0.7774160671875 0.582648975 0.7390625 0.73384891875 0.7390625 0.9360188375