0 0.1359375 0.23125 0.115625 0.45625
0 0.2796875 0.2296875 0.171875 0.459375
0 0.1765625 0.121875 0.10625 0.24375
0 0.721875 0.315625 0.140625 0.2875
0 0.59765625 0.33984375 0.0921875 0.2390625
0 0.47890625 0.28515625 0.1328125 0.3484375
0 0.40390625 0.2640625 0.0296875 0.390625
0 0.80234375 0.30625 0.0953125 0.30625
0 0.6931220588893059 0.25792520524350415 0.08590635809187522 0.26811474801081764
0 0.07864786369454926 0.9034575232734119 0.037138936929722276 0.11914998933799978
0 0.09160245858430613 0.9228433226050482 0.037248039703263916 0.12383748933799979
0 0.0439637391695145 0.8905762626114117 0.03532186379145834 0.10819430800445425
0 0.02459614332982696 0.8978347792807296 0.03702983415618064 0.11446248933799978
2 0.02083275085302132 0.7697188699475024 0.02761716014423623 0.04562158267027261
2 0.08718444946625041 0.766602413271821 0.01944098423243048 0.029905676002545435
0 0.6515625 0.7296875 0.20625 0.540625
0 0.80234375 0.784375 0.1859375 0.43125
0 0.97265625 0.78125 0.0546875 0.4375
0 0.56640625 0.79609375 0.1015625 0.4078125
2 0.93046875 0.80390625 0.1265625 0.3921875