0 0.178125 0.08671875 0.0875 0.1734375
0 0.22578125 0.1328125 0.1171875 0.265625
0 0.27609843820068586 0.16345098428551436 0.11693137698109979 0.3036613311856975
0 0.38035524562725004 0.22574697208707004 0.08912562818904775 0.192614746876742
0 0.421875 0.15234375 0.13125 0.3046875
0 0.4671875 0.12421875 0.103125 0.2484375
0 0.3019756698637964 0.06911517700572611 0.0679525166698994 0.0862920240041051
0 0.0234375 0.521875 0.046875 0.3
0 0.0515625 0.58359375 0.103125 0.3296875
0 0.0677919885002483 0.48241460772388534 0.06977010818516867 0.08942611436318462
0 0.18094543486670603 0.5580372973208391 0.12563669728454166 0.3146442829810955
0 0.24145262910713178 0.5052895472226433 0.11654873970819626 0.2989738311856975
0 0.56484375 0.83828125 0.0921875 0.2859375
0 0.63984375 0.87578125 0.1140625 0.2484375