0 0.34296875 0.446875 0.0328125 0.14375
0 0.91484375 0.33671875 0.1078125 0.3640625
0 0.790625 0.36640625 0.071875 0.3046875
0 0.66953125 0.31953125 0.1015625 0.3984375
0 0.546875 0.359375 0.078125 0.31875
0 0.39453125 0.30390625 0.0703125 0.4296875
0 0.97578125 0.31796875 0.0484375 0.3921875
0 0.5523503279551468 0.22331349131354764 0.0770163800648426 0.28110875889134024
0 0.8640348447043698 0.2705717508240603 0.0778554420993359 0.33259848428423433
0 0.17578125 0.55703125 0.0890625 0.0765625
0 0.31796875 0.58203125 0.0640625 0.1265625
0 0.641507143090012 0.86936235359571 0.028968370140045253 0.11984161910658778
0 0.6589129669113296 0.8748503742738745 0.02911391935425698 0.12296661910658795
0 0.6065863335367181 0.8560425622393811 0.028386173283198347 0.10734161910658777
0 0.5890178438758003 0.8637994042576637 0.0302397717116218 0.11366439371369381
0 0.5581509875894939 0.8873075248119935 0.03387419396136267 0.12474744292790536
2 0.559576438789567 0.7338015351510758 0.02249573821317572 0.04782106989237604
2 0.6316504919327202 0.7246855543814983 0.017371590570540718 0.03822774607105863
2 0.6466377528909749 0.97951860359571 0.02198631596343468 0.036883569892376046
2 0.66015625 0.984375 0.0203125 0.03125