0 0.4390625 0.14296875 0.040625 0.2859375
0 0.39453125 0.11640625 0.0765625 0.2328125
0 0.31953125 0.090625 0.0671875 0.18125
0 0.50859375 0.2625 0.0984375 0.4125
0 0.61796875 0.3109375 0.1640625 0.315625
0 0.82421875 0.296875 0.1109375 0.34375
0 0.75 0.33515625 0.0875 0.2671875
0 0.4192274312712255 0.7821215725493202 0.06259782500983527 0.15991351087441502
0 0.39506367557124233 0.8937275760093613 0.05569226114786474 0.1502838428896375
0 0.326738918533877 0.6230741777962472 0.06892423466476139 0.18354201186299815
0 0.7732532856141561 0.7302685483662135 0.03653806956195353 0.12145850593149898
0 0.6850648707634499 0.7213975671492937 0.05403120818165767 0.2156541749048598
0 0.8005806101197882 0.7182487094309088 0.031642755952084656 0.18513900395433272
0 0.8434236739817585 0.7071547005336603 0.03680014951546724 0.16976867193911022
2 0.7088580138226295 0.88246505973492 0.04216535668871888 0.09052684091247105