0 0.22734375 0.38984375 0.1171875 0.6203125
0 0.03046875 0.221875 0.0609375 0.425
0 0.06551276258519696 0.41015301221293027 0.06295138230195292 0.4763035504295413
0 0.278125 0.3609375 0.09375 0.678125
0 0.7069071501654511 0.41922479703863935 0.03317851298564349 0.2015558559474652
0 0.7971503206201463 0.43635034204111367 0.029071665583431282 0.14514208163720568
0 0.8286730560096498 0.4190875989385187 0.0314523717519414 0.19209896879233562
0 0.8654599898570255 0.41325700079296956 0.0298898717519414 0.19201708163720568
0 0.7548634090939048 0.39953973880718185 0.0351307508107789 0.13453213025772487
2 0.7415570653451405 0.5805407553155252 0.03439436525911965 0.0923446302577247
0 0.021875 0.8140625 0.04375 0.178125