0 0.2296112244649569 0.40478182467174006 0.15472357007089493 0.32851192431676957
0 0.13915370902555074 0.38055066178771585 0.14806439311129083 0.3142311695074461
0 0.3333188976636373 0.45523074717441114 0.11684783386094857 0.2069990228654907
0 0.04296875 0.375 0.0859375 0.190625
0 0.0854567445232167 0.22492565516429391 0.07573944906292773 0.1353224303072194
0 0.02890625 0.32890625 0.0578125 0.1890625
0 0.13691394444407434 0.19628478919237757 0.08446123119538154 0.16684524881887358
0 0.952126385127225 0.5818725704105707 0.0580973079967011 0.11909722958158006
0 0.9734375 0.5703125 0.053125 0.1
0 0.98984375 0.58828125 0.0203125 0.1078125
2 0.9714039193712498 0.4397222759455337 0.029170674452321597 0.03691964664195524
0 0.46328125 0.93203125 0.1015625 0.1359375
0 0.43046875 0.93515625 0.1046875 0.1296875
2 0.54453125 0.7046875 0.0296875 0.06875
0 0.94765625 0.9296875 0.1046875 0.140625
0 0.6828125 0.88515625 0.15625 0.2296875