0 0.08762460577839963 0.19961490794082087 0.06968373619701662 0.33034202800763596
0 0.20680568729933047 0.1896302859245944 0.06467790121604473 0.3224749840069997
0 0.31044002326888565 0.20093031791059507 0.05540637749004844 0.2099204400063634
0 0.26640625 0.05078125 0.0453125 0.1015625
0 0.11875 0.05625 0.053125 0.1125
0 0.3483419298849567 0.15281044390518622 0.053843877490048445 0.20990225867281787
0 0.75546875 0.34765625 0.0671875 0.2046875
0 0.95703125 0.33828125 0.0671875 0.2234375
0 0.8625 0.32109375 0.065625 0.2578125
0 0.17421875 0.5171875 0.0640625 0.134375
0 0.2703125 0.51953125 0.053125 0.1390625
0 0.35859375 0.5296875 0.0453125 0.159375
0 0.0828125 0.509375 0.04375 0.11875
0 0.16930834589256794 0.8272410159532294 0.041505703573771854 0.17539998933799977
0 0.04765625 0.5203125 0.0546875 0.140625
0 0.4328125 0.90859375 0.046875 0.1828125
2 0.36484368037924836 0.8304370992600489 0.06568334980971961 0.07885225334181775