0 0.39339999957579275 0.2925110831841903 0.09169612822374588 0.32852866431701006
0 0.3158786508205482 0.30071559210725995 0.07571408548249732 0.22012416846619498
0 0.472708991277423 0.27096612467603903 0.04671182448483524 0.14491068091374953
0 0.5328125 0.29296875 0.071875 0.3015625
0 0.4948091342238087 0.2560864858788382 0.056750597930052035 0.19538427759440163
0 0.6550408921875001 0 0.6525224921875 0.0167494078125 0.6161029234375001 0.19354084062500002 0.57321829375 0.44840068125 0.5752767390625 0.45958847187499996 0.5789164343750001 0.46102682812499995 0.6121604875 0.461418821875 0.6208302484375 0.4461712109375 0.6446094234374999 0.31388480625000004 0.6704120265625 0.2025538609375 0.6932876312499999 0.0758385609375 0.7044582390625 0 0.6550408921875001 0
0 0.29921875 0.67421875 0.1203125 0.3703125
0 0.2145296383729935 0.7165270784103054 0.10566538507222312 0.4103706601678251
0 0.1744831335991087 0.8042289105688105 0.07403503154309377 0.3209762734452168
0 0.01953125 0.871875 0.0390625 0.25625
0 0.46875 0.8703125 0.125 0.259375
2 0.37899672530538336 0.5859963609790846 0.05421574855010754 0.10042697510489074
0 0.04609375 0.896875 0.0765625 0.20625
2 0.96796875 0.58515625 0.0640625 0.1171875