0 0.20859375 0.35390625 0.1203125 0.4921875
0 0.0858076716758065 0.32957924959901475 0.07951949918592582 0.3540022609976621
0 0.2906003116916926 0.2942490913052893 0.08181838473758489 0.3963081601678251
0 0.1804497901813371 0.19593980063863317 0.07497627516050809 0.272515462657336
0 0.7119592942418221 0.33799263299763077 0.03954551542127547 0.12002908008391255
0 0.7339842987060491 0.3310564713799131 0.03156937418757337 0.11006208423309757
0 0.7672371294691699 0.3531333035384181 0.03633869480442442 0.11510478174358667
2 0.7080820921305018 0.20158153631697875 0.021157979707460584 0.049976689212119396
2 0.7799843656694521 0.20546539814447778 0.013072744317957153 0.033759693361304244
2 0.7497166185121211 0.46054306183678795 0.030478432629559828 0.04756208423309758
2 0.7321648798762068 0.5249248705500762 0.024119338473758488 0.04083848755244546
2 0.763520019892093 0.4764524043682551 0.024119338473758488 0.04083848755244546
0 0.021875 0.8609375 0.04375 0.1375
0 0.15318826623864493 0.8854731294731458 0.041217109577076985 0.12639747925407577
0 0.2671875 0.9421875 0.065625 0.115625
0 0.8171875 0.89765625 0.0875 0.2046875
0 0.71171875 0.89609375 0.0828125 0.2078125
0 0.90859375 0.95390625 0.0765625 0.0921875
0 0.7037975612846555 0.7568502993892332 0.03779210064862326 0.10897318091374952
0 0.6512668506519185 0.8084118767738534 0.055552344966580236 0.14308807178554286
0 0.5869804338506711 0.9060196599673326 0.05138304220663672 0.17242037427505377
0 0.61796875 0.9296875 0.0765625 0.140625