0 0.134375 0.409375 0.159375 0.340625
0 0.4375 0.428125 0.15625 0.303125
0 0.02734375 0.43203125 0.0546875 0.2953125
0 0.07421875 0.37265625 0.1234375 0.4140625
0 0.63046875 0.46015625 0.1015625 0.2390625
0 0.1921875 0.38203125 0.11875 0.3953125
0 0.2828125 0.471875 0.10625 0.215625
0 0.48203125 0.40625 0.1203125 0.346875
2 0.99609375 0.17890625 0.0078125 0.0390625
0 0.60234375 0.78984375 0.1734375 0.4203125
0 0.1171875 0.78984375 0.234375 0.4203125
0 0.71171875 0.64921875 0.0453125 0.1390625
0 0.7921875 0.6484375 0.084375 0.1375
0 0.9265625 0.93828125 0.0875 0.1234375