0 0.30625 0.2984375 0.11875 0.203125
0 0.16796875 0.2359375 0.1359375 0.328125
0 0.34296875 0.22734375 0.0921875 0.2890625
0 0.30316099269969465 0.7712973017056994 0.044260288960225755 0.12170003737886681
0 0.3186359882354678 0.778798445269082 0.04434210957707681 0.12638753737886682
0 0.2730195251670987 0.7546778842571032 0.04094437418757337 0.11054401609154337
0 0.2534200913197228 0.7599498923028749 0.04417846834337489 0.11701253737886681
0 0.2164149691607443 0.7789237674289258 0.04905688311602718 0.12827781930985188
2 0.26196106859155144 0.628262849728228 0.028997753246410872 0.051966691585911204
2 0.3345491347441755 0.6270884797979572 0.02099433847375849 0.0404828883676025
2 0.2762927552815963 0.8800767220042871 0.0256545649348082 0.03924817029858794
2 0.2533404504930579 0.9433251210155514 0.033548885551659156 0.04448197351689629
2 0.28860184050894394 0.8901401368549934 0.02568183847375849 0.04081067029858758
0 0.46484375 0.68984375 0.1515625 0.5796875
0 0.84453125 0.6171875 0.1921875 0.434375
0 0.56875 0.5484375 0.11875 0.296875
0 0.80234375 0.61328125 0.1265625 0.4265625