0 0.17265625 0.0609375 0.0515625 0.121875
0 0.20703125 0.075 0.0515625 0.15
0 0.25546875 0.0765625 0.0546875 0.153125
0 0.07734375 0.059375 0.0546875 0.11875
0 0.11015625 0.046875 0.0546875 0.09375
0 0.14765625 0.025 0.0421875 0.05
2 0.10840613924576444 0.20279576215627096 0.053635452697291794 0.09266810124083733
0 0.68359375 0.05 0.0546875 0.1
0 0.72421875 0.0453125 0.0703125 0.090625
0 0.765625 0.028125 0.053125 0.05625
0 0.80625 0.04140625 0.0625 0.0828125
0 0.85 0.03984375 0.059375 0.0796875
0 0.91015625 0.0625 0.0734375 0.125
2 0.7181422023160421 0.3260147408689475 0.12402199430041687 0.16778806956195352
0 0.04296875 0.5765625 0.0859375 0.153125
0 0.15546875 0.61484375 0.0953125 0.2296875
0 0.7796875 0.528125 0.08125 0.05625
0 0.50546875 0.59296875 0.1046875 0.1859375
0 0.87421875 0.55078125 0.0828125 0.1015625
0 0.425 0.7953125 0.03125 0.103125