0 0.38046875 0.20859375 0.0578125 0.2609375
0 0.2987445475491211 0.22291018107368413 0.04745863477870334 0.20554836939505616
0 0.4534416094718526 0.21744091532186854 0.03214670160240711 0.15465554909161447
0 0.521875 0.2140625 0.0625 0.25
0 0.26015625 0.1953125 0.0671875 0.2875
0 0.6453125 0.2296875 0.053125 0.21875
0 0.80234375 0.23125 0.0609375 0.215625
0 0.721875 0.2625 0.04375 0.153125
0 0.57890625 0.2609375 0.0203125 0.15625
0 0.8515625 0.25390625 0.04375 0.1703125
0 0.0846540703105565 0.6254772006185215 0.07089613477870334 0.20746155575957417
0 0.2784437350607417 0.6948005118381075 0.07612902186648078 0.338201372729036
0 0.19038666046134356 0.6490578350164872 0.07456652186648079 0.33807382697140154
0 0.3515887091417603 0.7401127539621998 0.06804453685222178 0.21033146424430527
0 0.422621544957223 0.5397618097217739 0.06859134099925886 0.21658146424430508
0 0.73359375 0.40859375 0.1046875 0.1390625
0 0.6625 0.39140625 0.09375 0.1046875