0 0.4453125 0.19765625 0.109375 0.3546875
0 0.365625 0.2078125 0.259375 0.415625
0 0.259375 0.15 0.175 0.3
0 0.10234375 0.14453125 0.2046875 0.2890625
0 0.2421875 0.1234375 0.19375 0.246875
0 0.1796875 0.13125 0.184375 0.2625
0 0.87890625 0.20546875 0.2421875 0.4109375
0 0.0125 0.84609375 0.025 0.1234375
0 0.0203125 0.85546875 0.040625 0.1265625
2 0.05370757521152889 0.7031887483030564 0.03419863421305536 0.05415981969842587
0 0.6944767125821303 0.7644864162107877 0.24999574882222148 0.39400144410953664
0 0.78203125 0.85 0.2140625 0.3