0 0.47109375 0.37734375 0.0765625 0.2828125
0 0.5171875 0.3984375 0.071875 0.240625
0 0.55859375 0.46484375 0.0671875 0.1078125
0 0.41532672038575225 0.3463764612864536 0.06317752775932117 0.18455427513842756
0 0.8078125 0.4265625 0.075 0.184375
0 0.728125 0.40390625 0.078125 0.2296875
0 0.88828125 0.484375 0.0703125 0.06875
0 0.653697607954966 0.4131331647102262 0.06504041640826923 0.18934190468807693
0 0.94296875 0.49296875 0.0640625 0.0515625
0 0.9472182680417138 0.37981402914359724 0.07617817550756775 0.1931678115356222
0 0.45234375 0.628125 0.0609375 0.21875
0 0.40273138109080886 0.6337133798541912 0.038298641269841484 0.13627746144333708
0 0.3681666139719457 0.6042669093115555 0.03705751387966068 0.09262759099298642
0 0.4515625 0.9375 0.059375 0.125
2 0.3400053477759332 0.9175691432724264 0.035655700184570094 0.07075259099298634
0 0.9796875 0.8046875 0.040625 0.29375
0 0.9137141556109276 0.8152068044389083 0.06554106415651581 0.19715440468807693
0 0.8553311566906618 0.7904583258767082 0.07623633713547502 0.2912047933370248
0 0.9542099452473247 0.7672291818290893 0.05193963911037329 0.17916586829088227