0 0.0546875 0.0875 0.109375 0.175
0 0.1578125 0.1125 0.1875 0.225
0 0.27890625 0.0734375 0.1359375 0.146875
0 0.8703125 0.22109375 0.159375 0.3953125
0 0.75078125 0.246875 0.1484375 0.34375
0 0.71875 0.26328125 0.14375 0.3109375
0 0.96875 0.22109375 0.0625 0.3734375
0 0.85625 0.31875 0.140625 0.2
0 0.92890625 0.23828125 0.1421875 0.3609375
0 0.5979315577118811 0.46017426266006944 0.044206356986241604 0.06026964206513994
0 0.5018650895630465 0.45535868906725074 0.032886911069925695 0.04869510523343697
0 0.5003497187818068 0.501270428543907 0.03294147477225664 0.05025760523343696