0 0.08246361876683635 0.465821509104693 0.14961633122346535 0.3051996285298145
0 0.17653248316092274 0.4646431055020539 0.1463637854658309 0.3035462003165691
0 0.2636020484633946 0.48205557752623535 0.09904276212797143 0.18214256175762475
0 0.02265625 0.490625 0.0453125 0.2125
0 0.02578125 0.359375 0.0515625 0.36875
0 0.7261334836199647 0.22350832548117133 0.08845594849248961 0.20521634890464338
0 0.8156584981638322 0.26840093982522084 0.06552888939893542 0.13440374373179384
0 0.8472273625579184 0.2654039719576745 0.08325826546195145 0.19882995658477523
0 0.8887931092239386 0.28384173488979825 0.09196358576539332 0.20999477711788864
0 0.8029031487726555 0.19441787054574872 0.06100088606495575 0.1171253155185484
2 0.7177954698250032 0.4119941639609734 0.06741038273097573 0.10016513605166182
0 0.3453125 0.8171875 0.284375 0.35625
0 0.05390625 0.7171875 0.1078125 0.15625
0 0.76328125 0.89375 0.2359375 0.2125
0 0.6484375 0.9078125 0.159375 0.184375
0 0.57109375 0.84296875 0.1640625 0.3140625
0 0.51640625 0.81953125 0.0546875 0.3609375
0 0.859375 0.89375 0.171875 0.2125
0 0.7578125 0.8640625 0.15625 0.271875