0 0.02734375 0.325 0.0546875 0.31875
0 0.08721082403071456 0.354506516959859 0.12131434367091246 0.32714783175849826
0 0.20004692597379464 0.2168105987183572 0.08031685442427942 0.1837599303072194
0 0.16137391604899723 0.3750943246717401 0.09307371960192583 0.2232043762235353
0 0.540625 0.11328125 0.04375 0.2265625
0 0.57421875 0.13984375 0.1109375 0.2546875
0 0.6433602783311595 0.23954866115474366 0.08453347353086738 0.2073065577118811
0 0.17109375 0.76171875 0.1734375 0.3859375
0 0.11015625 0.74453125 0.1484375 0.3515625
0 0.32734375 0.628125 0.0921875 0.11875
0 0.4 0.7140625 0.146875 0.290625
0 0.47265625 0.72265625 0.0921875 0.3078125
0 0.44765625 0.7265625 0.1359375 0.315625
0 0.58359375 0.9265625 0.1296875 0.146875
0 0.5421875 0.775 0.046875 0.14375
0 0.70078125 0.91875 0.1296875 0.1625
0 0.6072258792407823 0.8524802254900468 0.07860449710451575 0.11350199400955016
0 0.6879194152204277 0.7496578150530933 0.0646147717116218 0.11457342068857254
0 0.7570824840793465 0.8271950272114781 0.08761993217453856 0.17309524881887367
0 0.79375 0.94921875 0.103125 0.1015625