0 0.0375 0.225 0.075 0.45
0 0.2328125 0.225 0.31875 0.45
0 0.47265625 0.225 0.2328125 0.45
0 0.103125 0.20625 0.203125 0.4125
0 0.17421875 0.059375 0.1796875 0.11875
0 0.3734375 0.19765625 0.240625 0.3953125
0 0.67421875 0.2890625 0.1703125 0.321875
0 0.88046875 0.24375 0.2390625 0.4125
0 0.79453125 0.31796875 0.2015625 0.2640625
0 0.9390625 0.2015625 0.121875 0.403125
0 0.06875 0.503125 0.1375 0.10625
0 0.2375 0.4921875 0.1 0.084375
0 0.3671875 0.50703125 0.1375 0.1140625
0 0.01328125 0.7171875 0.0265625 0.25625
0 0.83203125 0.5234375 0.1671875 0.146875
0 0.6609375 0.62578125 0.14375 0.2640625
2 0.978125 0.53203125 0.04375 0.1265625