0 0.60546875 0.2296875 0.0890625 0.459375
0 0.4959741570543752 0.2249633811028091 0.0791164484388048 0.3497132096771285
0 0.37421875 0.2296875 0.1109375 0.459375
0 0.25078125 0.19921875 0.0828125 0.3984375
0 0.0890625 0.2125 0.090625 0.425
0 0.5546875 0.1328125 0.078125 0.265625
0 0.22890625 0.5453125 0.0671875 0.171875
0 0.4046875 0.49921875 0.04375 0.0796875
2 0.0234375 0.58125 0.046875 0.071875
2 0.60625 0.64296875 0.0875 0.2015625
0 0.934375 0.6953125 0.13125 0.471875
0 0.67109375 0.50390625 0.0421875 0.0890625