0 0.05390625 0.246875 0.1078125 0.284375
0 0.1640625 0.23671875 0.103125 0.3046875
0 0.2515625 0.28046875 0.11875 0.2171875
0 0.37578125 0.25234375 0.1328125 0.2734375
0 0.49765625 0.28671875 0.0859375 0.2046875
0 0.5765625 0.2984375 0.034375 0.18125
0 0.6328125 0.27734375 0.096875 0.2234375
0 0.71796875 0.3015625 0.0703125 0.175
0 0.3259462329000504 0.6970650292569129 0.07908547452530268 0.33115414727484327
0 0.2429316371070948 0.7044313769810999 0.06376684110137862 0.20095646424430508
0 0.49110133933666783 0.6948323338085391 0.09035075645628794 0.33673446757828496
0 0.40029602287680727 0.6787771569869189 0.04283162822814397 0.16817591515269079
0 0.5296875 0.72265625 0.059375 0.2234375
2 0.4296875 0.95703125 0.084375 0.0859375
0 0.29157123290005044 0.6942590225889532 0.06653120818165767 0.21827151000193973
0 0.4271863048077925 0.6762579348667059 0.0570033888718056 0.17088632697140155
0 0.9278693658197714 0.5096923171386397 0.07532705397461328 0.23297173879011232
0 0.99296875 0.5546875 0.0140625 0.11875
0 0.7808636898212005 0.6344057904668007 0.04489687278026224 0.13105855242559433
0 0.8024773378240585 0.9095969801652986 0.051081170802790864 0.1750636439408634
0 0.7938667983515048 0.7855377268313186 0.040307925746469395 0.06543355242559432
0 0.9890625 0.95078125 0.021875 0.0984375