0 0.02109375 0.32421875 0.0421875 0.1109375
0 0.11796875 0.2625 0.1015625 0.234375
0 0.17734375 0.23203125 0.1078125 0.2953125
0 0.79140625 0.13046875 0.1953125 0.2609375
0 0.48125 0.10078125 0.0625 0.2015625
0 0.53203125 0.06171875 0.1109375 0.1234375
0 0.01875 0.55546875 0.0375 0.2984375
0 0.050956940577505085 0.6168875204203129 0.0860567403647444 0.29371493882958344
0 0.08409722250849025 0.6129637398351045 0.0808229371464357 0.28579333605604174
0 0.125 0.915625 0.0875 0.16875
0 0.5968111179134583 0.8808402644363893 0.03144637797604233 0.09276938145888884
2 0.5209152534310693 0.914287237650903 0.0434329257464694 0.06340918977951393
2 0.6080381950169805 0.8881442713702434 0.031621340597175515 0.05065461664125