0 0.17661192741702755 0.21342283714251903 0.06192641935425698 0.12646664727484325
0 0.09145352336425158 0.1730053891090714 0.0989598465663967 0.21977010818516848
0 0.20451860359570997 0.21103116077994066 0.07094185442427943 0.1863518303053814
0 0.24756012820281584 0.21610116911489047 0.07341188296032683 0.1725444218206505
2 0.0929540190210254 0.3389014560785332 0.06061647642635144 0.09834164727484343
0 0.56015625 0.21640625 0.1609375 0.4046875
0 0.28125 0.70859375 0.2875 0.5796875
0 0.05625 0.60078125 0.1125 0.3640625
0 0.15625 0.625 0.209375 0.4125
0 0.25 0.62109375 0.234375 0.4046875
0 0.3765625 0.5953125 0.20625 0.353125
0 0.40078125 0.7359375 0.1578125 0.478125
0 0.5703125 0.68671875 0.18125 0.5359375
0 0.8078125 0.709375 0.303125 0.58125
0 0.53828125 0.50625 0.1171875 0.175
0 0.6421875 0.55546875 0.2 0.2734375
0 0.6558157380037788 0.6739938042617621 0.1872390583104396 0.47758235030926066
0 0.86640625 0.709375 0.2671875 0.58125
0 0.9671875 0.734375 0.065625 0.446875