0 0.4171875 0.40546875 0.1125 0.3890625
0 0.2859375 0.43671875 0.078125 0.3265625
0 0.16796875 0.37734375 0.1140625 0.4453125
0 0.051785264865928674 0.3971142086858608 0.07838757414373809 0.35604218639013113
0 0.02421875 0.32890625 0.0484375 0.3953125
0 0.32569099707143145 0.3321329729358188 0.08275673916276602 0.3485574683211164
0 0.69453125 0.32421875 0.1546875 0.5515625
0 0.9421875 0.36328125 0.115625 0.4734375
0 0.62109375 0.3421875 0.0234375 0.45
0 0.8700577623944706 0.28586462429287157 0.10940676387734545 0.4672746173323805
0 0.82578125 0.396875 0.0859375 0.40625
0 0.2234375 0.6890625 0.1125 0.178125
0 0.7078125 0.8 0.15625 0.4
0 0.9703125 0.8 0.059375 0.4
0 0.67265625 0.68203125 0.0828125 0.1640625
0 0.80390625 0.7171875 0.1140625 0.234375
0 0.85703125 0.8 0.0890625 0.4