0 0.4134832163114847 0.27412953619715275 0.10038537824476315 0.29395338584218217
0 0.31891105600305913 0.26848468220613586 0.10811605762791228 0.28953870435383655
0 0.5077650503210163 0.30787210833700407 0.08433190990138843 0.17939981252120454
0 0.23779742369781082 0.2734598696849314 0.0861398717519414 0.1935168762235353
0 0.553125 0.3078125 0.071875 0.2
0 0.71796875 0.3609375 0.2390625 0.4375
0 0.88984375 0.32265625 0.2140625 0.5140625
0 0.81796875 0.37578125 0.1515625 0.4078125
0 0.27109375 0.85234375 0.1859375 0.2953125
0 0.42734375 0.89140625 0.1453125 0.2171875
0 0.053125 0.93984375 0.10625 0.1203125
0 0.79921875 0.6515625 0.1078125 0.14375
0 0.84609375 0.6625 0.1109375 0.165625
0 0.9328125 0.6796875 0.10625 0.2
0 0.96015625 0.6953125 0.0796875 0.23125