0 0.42265625 0.33984375 0.1828125 0.2203125
0 0.29609375 0.36015625 0.1234375 0.1796875
0 0.184375 0.29140625 0.1875 0.3171875
0 0.071875 0.3140625 0.128125 0.271875
0 0.05625 0.26796875 0.1125 0.3640625
0 0.028125 0.27578125 0.05625 0.3453125
0 0.359375 0.3078125 0.153125 0.284375
0 0.9453125 0.1859375 0.109375 0.371875
0 0.21875 0.8578125 0.1125 0.284375
0 0.1676654739417754 0.8001853416557342 0.11413741470399827 0.2814613735787013
0 0.275 0.91484375 0.090625 0.1703125
0 0.3727705972708666 0.8434025335655825 0.09307948002863498 0.21621580517696729
0 0.09688989727882072 0.7687008522496652 0.09287948535963517 0.1990283051769673
0 0.4178381966104571 0.7999024335232303 0.07385676535645355 0.174498742036905
0 0.7016068586489554 0.6127447967903492 0.09616811736154425 0.21327281570031092
0 0.7942483446451374 0.6462846098598243 0.1012737880330894 0.2494833314853265