0 0.4351356076256895 0.17730797893550818 0.1518907946885605 0.33812329952888864
0 0.50859375 0.14140625 0.1359375 0.2828125
0 0.5921875 0.1078125 0.10625 0.215625
0 0.3784679719888741 0.23481839109379532 0.1026624334486339 0.19794806738935158
0 0.27769529146710664 0.09325702474120287 0.09000789734428025 0.1702919590952776
0 0.271875 0.165625 0.175 0.33125
0 0.93359375 0.18984375 0.1328125 0.3796875
0 0.92421875 0.265625 0.1515625 0.228125
0 0.31015625 0.44609375 0.0921875 0.1328125
0 0.2421875 0.4375 0.08125 0.115625
0 0.13828125 0.44375 0.0890625 0.128125
0 0.08203125 0.4765625 0.1234375 0.19375
0 0.040625 0.5046875 0.08125 0.23125
0 0.3618168031745716 0.7962835713953694 0.07120335518980259 0.1592765466541664
0 0.24909408937712096 0.7481598467487031 0.12976126463433113 0.292459485014259
0 0.36171875 0.4859375 0.1046875 0.2125
2 0.7946509873105765 0.730972346748703 0.06284543364502548 0.06484304147037037
1 0.7452766594445286 0.4314904651275457 0.029978391490547728 0.05259731969842587
1 0.8360107437534839 0.45816912525958253 0.042469301131468205 0.05212842799249993