0 0.09921875 0.45 0.1734375 0.378125
0 0.21640625 0.51171875 0.1171875 0.2546875
0 0.32890625 0.490625 0.1609375 0.296875
0 0.03671875 0.4203125 0.0734375 0.434375
0 0.31171875 0.50078125 0.1109375 0.2765625
0 0.86171875 0.13828125 0.1765625 0.2765625
0 0.9125 0.20859375 0.146875 0.4171875
0 0.8838069601746502 0.3790259103915397 0.1359524352013608 0.41236013527271587
0 0.61796875 0.134375 0.1703125 0.26875
0 0.47421875 0.1734375 0.1296875 0.346875
0 0.3203125 0.82109375 0.134375 0.3578125
0 0.378125 0.81953125 0.0625 0.3609375
0 0.2 0.81953125 0.175 0.3609375
0 0.08203125 0.7765625 0.1265625 0.275
0 0.04296875 0.74296875 0.0859375 0.2078125
0 0.38828125 0.7859375 0.0421875 0.29375
2 0.7015625 0.6578125 0.159375 0.0375
2 0.7196353327699885 0.7518462585220844 0.15458335099579196 0.14261632033565022
2 0.5188292570019402 0.9167930618367878 0.09497024881887359 0.08667305103961845
2 0.6308481073647598 0.9166648525034441 0.08203373920022691 0.0732258576783142