0 0.047124420419054444 0.35293215406485756 0.08321304250907646 0.20374477711788871
0 0.09511891003893105 0.40069605265293173 0.11235139726171184 0.3060347028238516
0 0.13107631467783581 0.45661343204067606 0.11748456623507267 0.3171085951437197
0 0.15046830182625454 0.5169144345479586 0.08002437551288218 0.2020913489046432
0 0.2762468932330172 0.4750187880714554 0.11235139726171184 0.3060347028238516
0 0.3234375 0.4390625 0.071875 0.321875
0 0.8503000765625 0 0.8331518078125001 0.061451321875 0.818846046875 0.12601893749999998 0.7705259921875001 0.298878821875 0.7103408421875 0.5495333484375 0.711580428125 0.56113578125 0.7150639734375 0.5631406390625 0.7477793234375 0.568591109375 0.7573921218749999 0.5545232453125 0.7901283218749999 0.4246507046875 0.8233817906249999 0.31623168437500004 0.8548357296875 0.191843471875 0.8884566093749999 0.037902004687500004 0.8989182234375 0 0.8503000765625 0
0 0.359375 0 0.359375 0.32640646093750003 0.3593893546875 0.32630723281249996 0.40367425625 0.0929465296875 0.42492325 0 0.359375 0
0 0.48625590460172363 0.22667118243638748 0.12525725695726334 0.43126202335696495
0 0.59765625 0.15546875 0.1078125 0.3109375
0 0.10625 0.828125 0.128125 0.31875
0 0.2052778186321685 0.8224704495916534 0.09485087946721471 0.22125052586424748
0 0.0265625 0.825 0.053125 0.3125
0 0.1796875 0.6953125 0.08125 0.053125
0 0.7002905241831068 0.8140287784380369 0.08206703657757738 0.17561977711788873
0 0.6015625 0.9359375 0.1 0.128125
0 0.70703125 0.9171875 0.1234375 0.165625
0 0.7899724480993833 0.7770850564138554 0.07141869665368965 0.1440969924781526
0 0.8125 0.93203125 0.121875 0.1359375
0 0.8055709317877611 0.8538832371343833 0.07633168973360735 0.11146634890464338
0 0.9399751066926207 0.8109562880714554 0.062396523725996286 0.11418217194503918
0 0.95859375 0.89375 0.0828125 0.171875
0 0.95546875 0.9609375 0.0890625 0.078125
0 0.604615926844845 0.8831401427820864 0.06823002965749528 0.14244356426490726