0 0.29296875 0.115625 0.1234375 0.23125
0 0.384375 0.0859375 0.11875 0.171875
0 0.46953125 0.0453125 0.0984375 0.090625
0 0.1625377670494239 0.1109375 0.08619441882984216 0.19375
0 0.2241201493546722 0.11875 0.0816160129856435 0.2
0 0.71171875 0.05234375 0.2140625 0.1046875
0 0.2600981542226409 0.7109375 0.23203657304918773 0.403125
0 0.36640625 0.6515625 0.1640625 0.325
0 0.19643902881725142 0.77734375 0.17447744317957134 0.328125
0 0.52578125 0.91796875 0.1265625 0.1640625
0 0.5609375 0.70703125 0.05625 0.3265625
2 0.20525314691904017 0.94375 0.12375687418757346 0.1078125
0 0.7303851550334197 0.578125 0.05347164772652384 0.109375
2 0.8185436741081432 0.58515625 0.027435253246410874 0.05
2 0.8640625 0.99609375 0.015625 0.0078125