0 0.09296875 0.08828125 0.1484375 0.1765625
0 0.2046875 0.0921875 0.153125 0.184375
0 0.30859375 0.06796875 0.1140625 0.1359375
0 0.840625 0.209375 0.28125 0.41875
0 0.5203125 0.20859375 0.184375 0.4171875
0 0.640625 0.096875 0.1125 0.19375
0 0.20703125 0.4921875 0.0953125 0.146875
0 0.29296875 0.52890625 0.1328125 0.2203125
0 0.37265625 0.4953125 0.0765625 0.153125
0 0.24296875 0.48125 0.0921875 0.125
2 0.3206787688950466 0.7808016028126501 0.10236982863402008 0.138131352775469
0 0.80078125 0.81171875 0.2359375 0.3765625
0 0.69296875 0.871875 0.1296875 0.25625
0 0.73984375 0.86875 0.1265625 0.2625