0 0.034375 0.21875 0.06875 0.4375
0 0.2265625 0.234375 0.084375 0.46875
0 0.15234375 0.18984375 0.1203125 0.3796875
0 0.225 0.04765625 0.0875 0.0953125
0 0.73515625 0.36484375 0.0890625 0.2078125
0 0.64921875 0.3609375 0.0921875 0.215625
0 0.82578125 0.4140625 0.0765625 0.109375
0 0.565625 0.3875 0.078125 0.1625
0 0.878125 0.409375 0.065625 0.11875
0 0.1766931614536909 0.6033243476282749 0.05586486975432585 0.20476664558877822
0 0.2578125 0.60234375 0.021875 0.1484375
0 0.2204742536944167 0.5746894054632692 0.050784913169550625 0.13737888648947952
2 0.24609375 0.753125 0.0453125 0.096875
0 0.3328125 0.84296875 0.128125 0.3140625
0 0.6109375 0.8265625 0.19375 0.346875
0 0.90234375 0.81875 0.1953125 0.3625
0 0.4859375 0.88828125 0.11875 0.2234375
0 0.68671875 0.80546875 0.1265625 0.3890625
0 0.9484375 0.78046875 0.103125 0.4390625