0 0.0140625 0.44375 0.028125 0.2
0 0.08192148482791266 0.3666605835991993 0.1019760566776581 0.293551176947517
0 0.1154193821027559 0.3109151440697805 0.10439942607271427 0.32323867694751696
0 0.44697214210469555 0.04001271428288975 0.025924513335919563 0.06910455600635448
0 0.4674602431628624 0.10530647767557041 0.03797797424624481 0.10208069724005639
0 0.40859375 0.053125 0.0171875 0.059375
0 0.44611178846145494 0.2230706761334428 0.02837983363936125 0.08006932954530477
0 0.1979602993814785 0.7361469691508584 0.056408980914204675 0.13672843262955983
0 0.2401796213519102 0.7173248311635673 0.0752226248550679 0.17606366801906326
0 0.27321539089674757 0.7343310990204748 0.05991661818710803 0.14147047970746057
0 0.1640625 0.95234375 0.06875 0.0953125
0 0.125 0.96015625 0.05625 0.0796875
0 0.09375 0.9671875 0.0625 0.065625
0 0.446875 0.76875 0.09375 0.321875
0 0.61953125 0.884375 0.1015625 0.23125
0 0.7578125 0.87734375 0.10625 0.2453125