0 0.071875 0.340625 0.14375 0.21875
0 0.1609375 0.37578125 0.1125 0.1484375
0 0.13677241389280273 0.22327937385958965 0.09702040041956295 0.1913570541766104
0 0.521875 0.1171875 0.084375 0.234375
0 0.60859375 0.12421875 0.1546875 0.2484375
0 0.70546875 0.10078125 0.1078125 0.2015625
0 0.10074963567370121 0.8729110769216895 0.11442138797200822 0.21552230024766902
0 0.2015625 0.86796875 0.146875 0.2640625
0 0.238856054764596 0.7264620700972639 0.08108682448483515 0.1454623573197636
0 0.2859375 0.89453125 0.146875 0.2109375
0 0.3384775464662263 0.7154218703449329 0.10317531203728052 0.1698459272121397
0 0.353125 0.9578125 0.109375 0.084375
0 0.4390625 0.81640625 0.08125 0.2234375
0 0.43046875 0.946875 0.0984375 0.10625
0 0.9546875 0.68046875 0.090625 0.3453125
0 0.8716657869184565 0.6650173019002988 0.14588672075521317 0.34310364474715094
0 0.7441794043450332 0.6920078333318302 0.11259877884380147 0.2325642510334573
0 0.77890625 0.51640625 0.0921875 0.1328125
0 0.84140625 0.471875 0.0859375 0.04375
0 0.7011407219813911 0.6288507078151017 0.10876338382282338 0.22304370181924557