0 0.16893509739017923 0.3087872519449076 0.24008393873326953 0.49198855386194273
0 0.06328125 0.3453125 0.1265625 0.325
0 0.0265625 0.35625 0.053125 0.465625
0 0.084375 0.26796875 0.16875 0.4203125
0 0.6484375 0.1609375 0.23125 0.321875
0 0.74921875 0.1484375 0.2140625 0.296875
0 0.6046875 0.2015625 0.203125 0.403125
0 0.91640625 0.5328125 0.1171875 0.1125
0 0.82578125 0.228125 0.2234375 0.45625
0 0.11953125 0.67578125 0.1296875 0.1734375
0 0.2125 0.65546875 0.125 0.1328125
0 0.41640625 0.90234375 0.0453125 0.1953125
0 0.63828125 0.95390625 0.2078125 0.0921875
0 0.784375 0.88984375 0.29375 0.2203125
0 0.91796875 0.91640625 0.1640625 0.1671875
0 0.59140625 0.8859375 0.1703125 0.228125
0 0.94453125 0.81953125 0.1109375 0.3609375