0 0.3703125 0.06484375 0.1 0.1296875
0 0.303125 0.05078125 0.103125 0.1015625
0 0.43046875 0.059375 0.0578125 0.11875
0 0.22734375 0.025 0.0890625 0.05
0 0.97421875 0.275 0.0515625 0.225
0 0.7362217780398458 0.2651720446885605 0.0765978787873867 0.20975679508134384
0 0.73359375 0.03125 0.0734375 0.0625
0 0.9859375 0.08203125 0.028125 0.1640625
0 0.3453125 0.88203125 0.11875 0.2359375
0 0.4171875 0.8640625 0.084375 0.271875
0 0.28203125 0.94296875 0.0859375 0.1140625
0 0.19780225067736854 0.8336998517719569 0.07570376413349411 0.16289088544042354
0 0.1859375 0.846875 0.140625 0.30625
0 0.9511695901164904 0.6443242552645574 0.055971118271937216 0.14403180113146802
0 0.97734375 0.6328125 0.0453125 0.19375
0 0.8520327272716202 0.6453095174630016 0.060972878787386796 0.20966589149054773
0 0.8809832428754524 0.6314197342855143 0.05843437697836436 0.16122839149054774
0 0.9071429511523383 0.5940833607489474 0.04553158525525038 0.12366475897699036
2 0.943770927180763 0.8161038064942213 0.056230067842395925 0.08936248184962743