0 0.2078125 0.0671875 0.096875 0.134375
0 0.24453125 0.10859375 0.1171875 0.2171875
0 0.25625 0.15234375 0.134375 0.3046875
0 0.33578519664082584 0.05974333859804863 0.07143251387966068 0.09138861600890866
0 0.39908862816537327 0.1683001785885036 0.13096340992986413 0.3137908746817265
0 0.4796875 0.14609375 0.121875 0.2921875
0 0.7951649868955317 0.4145228399506841 0.03645673658176474 0.08161362667090906
0 0.75859375 0.56015625 0.0515625 0.0578125
0 0.7140625 0.5515625 0.05625 0.075
0 0.68828125 0.55390625 0.0546875 0.0703125
0 0.64140625 0.5640625 0.0546875 0.05
2 0.7153272925710578 0.41779383796150177 0.04795544108527148 0.0661340773392725
2 0.8037389504983372 0.4269137519494114 0.03172966378737554 0.056577264003817976
0 0.071875 0.79453125 0.14375 0.4109375
0 0.04609375 0.79453125 0.0921875 0.4109375
0 0.4796875 0.79453125 0.2 0.4109375
0 0.19140625 0.809375 0.1609375 0.38125
0 0.29544079889257924 0.7982342212762753 0.13038122146548634 0.37779883068109027
0 0.883844359966776 0.7617694626034575 0.09282545496493207 0.15721361067790857
0 0.6393760618493892 0.909818253302047 0.08970045496493215 0.15717724801081764