0 0.05078125 0.11015625 0.1015625 0.2203125
0 0.16875 0.03828125 0.1125 0.0765625
0 0.22421875 0.11953125 0.1140625 0.2390625
0 0.3390625 0.1734375 0.171875 0.346875
0 0.459375 0.1515625 0.115625 0.303125
0 0.5796875 0.21015625 0.1625 0.4203125
0 0.68359375 0.228125 0.0296875 0.33125
0 0.74765625 0.24453125 0.121875 0.321875
0 0.84453125 0.271875 0.0921875 0.2125
0 0.846875 0.08203125 0.075 0.1640625
0 0.80078125 0.03671875 0.0734375 0.0734375
0 0.896875 0.2296875 0.0875 0.2171875
0 0.13359375 0.78984375 0.1765625 0.4203125
0 0.0890625 0.78984375 0.153125 0.4203125
0 0.33828125 0.76171875 0.0890625 0.2546875
0 0.37265625 0.8125 0.1578125 0.375
0 0.475 0.82109375 0.165625 0.3578125
0 0.51328125 0.88046875 0.1109375 0.2390625
0 0.42265625 0.81640625 0.1296875 0.3671875
0 0.781380734375 1 0.7855614296875 0.9871499281249999 0.8184118 0.865082334375 0.853769965625 0.7135804390625 0.875282284375 0.6402166312500001 0.8708119109375 0.6290821875 0.8415842156250001 0.620363496875 0.8329957718750001 0.62251638125 0.8287056249999999 0.630035175 0.7982851609375 0.7326689046875 0.78325108125 0.796196653125 0.7329983109375 0.9654560234374999 0.7241596218749999 1 0.781380734375 1