0 0.16328125 0.21015625 0.1078125 0.4203125
0 0.25078125 0.215625 0.1046875 0.43125
0 0.3059489433504222 0.22864740209317 0.06333431818108011 0.3176144751048907
0 0.078125 0.1203125 0.065625 0.240625
0 0.7625 0.0484375 0.084375 0.096875
0 0.16401374886834627 0.7390806137015989 0.06303334577069997 0.1930880717855427
0 0.20746717774659001 0.7812806917109191 0.07690549525030158 0.30930506763635784
0 0.2501360345985665 0.8382061205500762 0.076823608095172 0.3077425676363578
0 0.3453125 0.909375 0.0625 0.18125
0 0.365625 0.846875 0.028125 0.30625
0 0.2883553296010408 0.7508370977295593 0.0574650192218769 0.08683807178554268
0 0.81328125 0.61328125 0.0734375 0.2484375
0 0.7890625 0.58515625 0.078125 0.1921875
0 0.74375 0.540625 0.0625 0.103125
0 0.95859375 0.61796875 0.0828125 0.2578125
0 0.85546875 0.51953125 0.0546875 0.0609375