0 0.3760143768907616 0.22414427269585477 0.10408547452530267 0.32939981252120454
0 0.4375 0.1953125 0.025 0.315625
0 0.25 0.07890625 0.084375 0.1578125
0 0.23867826785625415 0.23128962850097007 0.07437655917039336 0.19431548439090332
0 0.2967310684766728 0.2551065852170593 0.06856360174504025 0.20034722958158008
0 0.53828125 0.21328125 0.1765625 0.3734375
0 0.646875 0.2546875 0.190625 0.290625
0 0.7609375 0.2609375 0.103125 0.278125
0 0.31796875 0.6640625 0.1734375 0.528125
0 0.04140625 0.50546875 0.0765625 0.2109375
0 0.6125 0.68203125 0.221875 0.5640625
0 0.5234375 0.5859375 0.115625 0.371875
0 0.76796875 0.7 0.2015625 0.6
0 0.946875 0.58125 0.10625 0.3625
0 0.8921875 0.590625 0.11875 0.38125