0 0.05859375 0.321875 0.0984375 0.29375
0 0.16115783158914593 0.3255213539156019 0.07924261875230769 0.21708894703379294
0 0.1081794332225905 0.14489942062756392 0.06443963911037329 0.18027736188449897
0 0.03962849475821262 0.08591754055783456 0.06363860271317882 0.16777736188449896
0 0.19918756015134614 0.2660863697550437 0.07173050740125575 0.22123014381548423
0 0.7366806608619401 0.09671828276416443 0.0850339389258032 0.11327553218308672
0 0.02265625 0.56015625 0.0453125 0.1828125
0 0.07109375 0.646875 0.1109375 0.35625
0 0.17890625 0.65546875 0.1265625 0.3734375
0 0.22734375 0.62109375 0.0859375 0.3046875
0 0.11484375 0.659375 0.0984375 0.38125
0 0.44921875 0.6640625 0.0203125 0.19375
0 0.5136319895164254 0.6754492061648454 0.09366366902916283 0.3207602502521015
0 0.5857782973514197 0.714735945269082 0.09678866902916283 0.3209787715394249
0 0.6459555313122907 0.7587483892007818 0.07425473010335963 0.21207366510280767
0 0.7285258042912501 0.6596446176613567 0.0975897054263573 0.33347877153942507
0 0.75546875 0.6046875 0.0859375 0.271875
0 0.79609375 0.56328125 0.0765625 0.1890625