0 0.05259489201636978 0.10109167882201145 0.055057071460440456 0.1877838428896374
0 0.08890196347681023 0.2859468398867067 0.060727217321997526 0.20672484387822046
0 0.1997265988229177 0.23445598266261342 0.0711401741285453 0.34591467787060937
0 0.31128821856519295 0.19702762543852 0.07764247964646938 0.3212330128515813
0 0.4103431942549333 0.1898597711801761 0.06812363749381412 0.22885451186299796
0 0.33203125 0.046875 0.0609375 0.09375
0 0.0234375 0.24375 0.046875 0.20625
0 0.85625 0.190625 0.103125 0.38125
0 0.644236837402957 0.3148584070731816 0.09168504748886512 0.41067751482874765
0 0.9275849259375677 0.29861534726389954 0.04296650723608923 0.1950870069200823
2 0.97734375 0.39375 0.0453125 0.115625
0 0.26875 0.6828125 0.065625 0.1875
0 0.35859375 0.7203125 0.0609375 0.2625
0 0.43671875 0.74453125 0.0640625 0.3109375
0 0.6421875 0.6359375 0.053125 0.09375
2 0.6075744776103045 0.8301213097349199 0.07990658525525038 0.1264298488211363
0 0.92890625 0.64765625 0.0484375 0.1171875