0 0.19484121915835978 0.15215558271004345 0.10570498920265833 0.21201019867918128
0 0.2546875 0.1609375 0.028125 0.321875
0 0.17734375 0.1 0.1015625 0.2
0 0.48046875 0.440625 0.0890625 0.078125
0 0.5984375 0.38828125 0.1375 0.1828125
0 0.7203125 0.3890625 0.134375 0.18125
0 0.815625 0.421875 0.1 0.115625
0 0.7827183582687331 0.28718730008749593 0.078702398209672 0.1804692973424542
0 0.4921841934016233 0.3189890940483614 0.08076554595791859 0.18829997867599957
0 0.5411909947582126 0.23746692138763387 0.09134210055371036 0.2071590666772723
0 0.421875 0.4078125 0.09375 0.14375
0 0.11054656231081453 0.6934987453850885 0.157164964525656 0.33283177601845376
0 0.22421875 0.82421875 0.0890625 0.3328125
0 0.040625 0.7609375 0.08125 0.346875
0 0.6231442967331109 0.7121407520687242 0.05001858883351815 0.07396475867281786
0 0.837858836369508 0.7654582980983137 0.05676923658176456 0.08184998400699968
0 0.8107801625000001 1 0.8173763906249999 0.9872885437499999 0.8236638484375 0.958950878125 0.819097128125 0.9481150828124999 0.8047688515625001 0.9424305984375 0.7873491921875 0.9486797046875001 0.7740775046875 0.9836465375 0.7768838046875 1 0.8107801625000001 1
0 0.708133990625 1 0.7305678515625 0.9068389109375001 0.7264541999999999 0.902386884375 0.71257899375 0.903086165625 0.6967164671875 0.9114570437499999 0.6764540796875 1 0.708133990625 1
0 0.592015115625 0.9789087796875 0.6057856359375 0.9826799812499999 0.6128859890625 0.9796688984374999 0.6197540859374999 0.9694216499999999 0.630794753125 0.9268016781250001 0.6290053625 0.917443740625 0.6201156187500001 0.9110968859374999 0.609796309375 0.9143349093750001 0.603590653125 0.9220249609375 0.5885639031250001 0.9718995546875 0.592015115625 0.9789087796875
0 0.4886486859375 0.967228103125 0.4811181484375 0.98003255 0.4874628171875 0.992137715625 0.49713112812500004 0.9995454562500001 0.511552646875 0.99267089375 0.5191993125 0.9834845281250001 0.5458244828125001 0.89290325 0.54647548125 0.8822574843750001 0.5422457015625 0.874187375 0.5229319640625001 0.8755490265624999 0.5131704078125 0.8807003359374999 0.4886486859375 0.967228103125
0 0.7498908621262445 0.9059463907542687 0.041644884330011324 0.08948067067154533
0 0.7912365553709841 0.8829725147596775 0.03791910703211539 0.08006930800445425
0 0.309375 0.96953125 0.04375 0.0609375
0 0.41360980799187785 0.7487942253739527 0.06800712523071262 0.08666475334181775
0 0.45320562924510754 0.8751300060470888 0.05927247532299775 0.12091248400699968