0 0.1484375 0.10625 0.2125 0.2125
0 0.29375 0.13359375 0.3125 0.2671875
0 0.7137936685899369 0.1709741958603468 0.06296474672063965 0.12943423328249998
0 0.7364056529861045 0.156402549583819 0.08088258706427283 0.17354790919430557
0 0.7712277103130509 0.13218314637343695 0.08532442559888338 0.1689695119678472
0 0.61484375 0.18515625 0.0921875 0.1890625
0 0.6572470974681807 0.13327548052961768 0.062227762324471844 0.11537173328249999
0 0.135936504976841 0.7803310120647564 0.06091092378986111 0.12002286569131951
0 0.15481265773580297 0.7923764171749996 0.06263719810012063 0.12318423328249999
0 0.09909492424414638 0.7835294004574995 0.057212713703952825 0.10901263050895835
0 0.0834732462704137 0.7987186425737149 0.06066526232447202 0.1153353656913195
0 0.0569583339005133 0.8282067740326038 0.05359639077317446 0.09956489532659721
2 0.0348453957500154 0.6843665082650343 0.03691350180902227 0.04923758700597212
2 0.09581719527504547 0.6525157898001732 0.025075243102595124 0.03179551386770836
2 0.16124968622993396 0.8928849102411455 0.03206222749876275 0.04600348423243048
2 0.16957011929204935 0.9574559033072912 0.03691350180902227 0.04923758700597247
2 0.17728744403185015 0.8995343005337496 0.032144114653892684 0.04756598423243048
0 0.73125 0.31484375 0.096875 0.0703125
0 0.6567634978522934 0.33315146001239554 0.08509205223856364 0.10497974715020834
0 0.5897873597926525 0.36046014884197897 0.08476450361804462 0.09872974715020835
0 0.5195667130265843 0.40501088905833316 0.09166960085908267 0.11137521751493065
0 0.7693255370890166 0.7909067957840967 0.09470606965141819 0.13953658510611114
0 0.9059114902775199 0.745591682942569 0.07217597241038014 0.12652743882958326
0 0.6302796472203533 0.868271342421215 0.08146908525525039 0.1251831443766669