0 0.046875 0.36640625 0.09375 0.2140625
0 0.14865212336133996 0.35223271905468057 0.14391279903093485 0.34100073620994636
0 0.08961524899159379 0.16654762015003727 0.08025521857321785 0.14423338479802067
0 0.2541044478669721 0.3443413141984003 0.14391279903093485 0.34100073620994636
0 0.1704007092669384 0.11957934342785999 0.10220662822814397 0.16826191818411554
0 0.31371902053101886 0.09635009507721266 0.06891352698730664 0.11583560015828454
0 0.3449911638423 0.18650373363615697 0.09315941015912906 0.1726766335443795
0 0.3472699398212004 0.3666231426490724 0.11217149011264294 0.2215687746106063
0 0.40516420331485375 0.311160404327555 0.1124992720436282 0.22625627461060632
2 0.55234375 0.31796875 0.0453125 0.0671875
0 0.08125 0.72578125 0.1625 0.1140625
0 0.18828125 0.73203125 0.1828125 0.1265625
0 0.12734375 0.73671875 0.1515625 0.1359375
0 0.731794446875 0.66875 0.73929499375 0.734188971875 0.7503051390625 0.7980673609375 0.7702306640625001 0.9726258874999999 0.7744318578125 1 0.82988310625 1 0.8272306031250001 0.9697414453125 0.8097312921875 0.8453038484375 0.7830170734375 0.693177778125 0.7801440968750001 0.66875 0.731794446875 0.66875
0 0.57109375 0.86875 0.0828125 0.2625