0 0.3183891100413617 0.22248219619727982 0.10078289202736243 0.20959788273097574
0 0.28310723273390603 0.4161682943805086 0.12133174936345315 0.23156847758022464
0 0.40703125 0.37734375 0.1609375 0.3234375
0 0.4703125 0.37578125 0.059375 0.3265625
0 0.37135902136377136 0.13761311755888836 0.08949994668999892 0.179017562427534
0 0.2332066827259518 0.3615922357459965 0.10572493069699859 0.23185552000387943
0 0.59296875 0.25625 0.1859375 0.496875
0 0.5609375 0.23515625 0.121875 0.3265625
0 0.6140625 0.2875 0.215625 0.503125
0 0.86171875 0.3203125 0.2046875 0.4375
0 0.925 0.33671875 0.15 0.4046875
0 0.96015625 0.39375 0.0796875 0.290625
0 0.7048987747055891 0.23509415331458322 0.07967041335136286 0.1391897878817268
0 0.8283544560391345 0.22658053846145493 0.12485673870145284 0.2661985690954937
0 0.58359375 0.86171875 0.1671875 0.2765625
0 0.6703125 0.915625 0.153125 0.16875
0 0.79453125 0.89921875 0.2140625 0.2015625
0 0.77734375 0.909375 0.1296875 0.18125
0 0.7197248907144977 0.8143039369442462 0.09578630935708983 0.1826527454580721