0 0.0296875 0.18046875 0.059375 0.3609375
0 0.2734375 0.1359375 0.090625 0.271875
0 0.359375 0.13984375 0.0875 0.2796875
0 0.4078125 0.11640625 0.053125 0.2328125
0 0.09296875 0.02421875 0.0484375 0.0484375
0 0.21015625 0.0484375 0.0546875 0.096875
0 1 0 0.967272559375 0 0.964229121875 0.0233105796875 0.9593113265625 0.088680565625 0.936123471875 0.26566578125 0.92360121875 0.4 0.9723042109375001 0.4 0.9740183171875 0.38363438437499997 0.99150903125 0.272046484375 1 0.19157283593750002 1 0
0 0.65 0.2078125 0.0625 0.384375
0 0.740625 0.1390625 0.0625 0.278125
0 0.17964439789772194 0.6696962329000504 0.05793640999505119 0.1846370799535139
0 0.2144122235420339 0.5855344003486466 0.0588371687014785 0.2018245799535138
0 0.3166010860482199 0.8041208733613399 0.07352818973237767 0.3336208831718224
0 0.42732722410786084 0.7706913783050184 0.0787070126631562 0.34332366510280765
0 0.5304898456591584 0.7479098061451749 0.06467108887329509 0.22402736188449915
0 0.20332980212702195 0.8564096290613232 0.06138231456303549 0.22068384059717552
0 0.46716873134395004 0.5748654260754456 0.0714256999091429 0.1746829257464694
0 0.1411097631174414 0.8257330654514543 0.07034123473485199 0.24310514381548423
0 0.9796875 0.465625 0.040625 0.13125
0 0.98359375 0.73046875 0.0328125 0.2703125
0 0.9015625 0.90703125 0.04375 0.1859375