0 0.134375 0.19453125 0.134375 0.3890625
0 0.2625 0.17265625 0.140625 0.3453125
0 0.33828125 0.16875 0.1078125 0.3375
0 0.46640625 0.1921875 0.1515625 0.384375
0 0.58125 0.15703125 0.096875 0.3140625
0 0.75625 0.1359375 0.128125 0.271875
0 0.8296875 0.0515625 0.103125 0.103125
0 0.6953125 0.19453125 0.13125 0.3890625
0 0.58359375 0.446875 0.0921875 0.115625
0 0.56953125 0.578125 0.1109375 0.378125
0 0.43203125 0.45234375 0.1140625 0.1265625
0 0.4242210708831699 0.6896450752115288 0.09460983789142503 0.3418156445806481
2 0.5489019486131758 0.6065995464178254 0.04425992515463051 0.08609332488222207
0 0.97734375 0.5453125 0.0453125 0.3125
0 0.8192145775511296 0.667845153534121 0.11747325304411582 0.3748427580585183
0 0.98515625 0.8453125 0.0296875 0.275