0 0.47578125 0.14296875 0.1078125 0.2859375
0 0.35234375 0.10078125 0.0703125 0.2015625
0 0.228125 0.13125 0.115625 0.2625
0 0.10625 0.08515625 0.078125 0.1703125
0 0.0640625 0.06328125 0.084375 0.1265625
0 0.021875 0.06796875 0.04375 0.1359375
0 0.97578125 0.23125 0.0484375 0.396875
0 0.61640625 0.25703125 0.1734375 0.3453125
0 0.55703125 0.21875 0.0546875 0.421875
0 0.6671875 0.27890625 0.090625 0.3015625
0 0.7552856155524768 0.22241732957733595 0.04808599295103004 0.20366522054263578
0 0.975 0.28828125 0.05 0.2828125
0 0.246875 0.49140625 0.075 0.1234375
0 0.16392598712823808 0.6261140260612782 0.04827432448483515 0.14459060919158376
0 0.23193062592543895 0.6092757819213743 0.05236982863401991 0.13707849784053164
0 0.339141319911443 0.5101652583241063 0.06562684523075965 0.1068297933370248
0 0.08073682406062792 0.5014563826319682 0.07725142946385706 0.13711807063492082
0 0.07393960455481459 0.6533192712809163 0.0816788203356503 0.15450582973421945
2 0.11502377799538696 0.7949047964193439 0.08563076929603186 0.06301923658176456
2 0.28286155081590375 0.8488377321059446 0.06820647095570571 0.05879281153562203
2 0.29921875 0.9828125 0.0765625 0.034375
2 0.12472789687185597 0.9258439157899604 0.06098596680652095 0.06610466378737563
0 0.98671875 0.69375 0.0265625 0.509375
0 0.9046549630583215 0.6871876357142873 0.06882731328668043 0.35426599784053164
0 0.7796875 0.67734375 0.115625 0.4953125
0 0.6589047551748701 0.6565234168696945 0.07820231328668044 0.35486677513842757
0 0.615625 0.609375 0.084375 0.359375
0 0.56015625 0.609375 0.0609375 0.34375