0 0.16328125 0.428125 0.1359375 0.0625
0 0.07578125 0.4 0.1421875 0.11875
0 0.0765625 0.365625 0.115625 0.1875
0 0.94453125 0.2296875 0.1109375 0.459375
0 0.9453125 0.22421875 0.109375 0.4484375
0 0.0797111547580867 0.9389656157712121 0.059085193348181166 0.11409419303247788
0 0.10776342942390493 0.9350114394086338 0.05754087468172662 0.11552914727484324
0 0.13671875 0.953125 0.0578125 0.09375
0 0.04147535809195033 0.9397469947091661 0.054343149347544806 0.10902405575957416
2 0.34453125 0.465625 0.0328125 0.0125
2 0.10784415073995116 0.8077952351662685 0.028597714672181595 0.04292082363742171
2 0.1798918734086329 0.8285060900174569 0.0286340773392725 0.04604582363742153
0 0.65703125 0.68671875 0.0140625 0.1078125
0 0.6998476480346802 0.6472076479030631 0.047784066677272106 0.081951372729036
0 0.6609375 0.85390625 0.021875 0.1359375
2 0.7754396360598154 0.8383585485118863 0.11731586401972649 0.15475088606495557