0 0.20234375 0.17890625 0.0953125 0.3578125
0 0.05390625 0.17890625 0.1078125 0.3578125
0 0.5375 0.14140625 0.140625 0.2828125
0 0.94140625 0.12109375 0.1171875 0.2421875
0 0.19453125 0.915625 0.0984375 0.16875
0 0.07734375 0.86015625 0.1484375 0.2796875
0 0.21640625 0.85625 0.0671875 0.2875
0 0.8359375 0.671875 0.1125 0.184375
0 0.71328125 0.6453125 0.1109375 0.13125
0 0.6703125 0.6625 0.10625 0.165625
0 0.96328125 0.6578125 0.0734375 0.15625
0 0.7671875 0.7265625 0.103125 0.29375
0 0.89453125 0.68828125 0.1203125 0.2171875