0 0.090625 0.25 0.159375 0.5
0 0.3359375 0.25 0.19375 0.5
0 0.60234375 0.25 0.1953125 0.5
0 0.22309022670954198 0.24978767334635438 0.11916180628084146 0.44622299620027805
0 0.4671875 0.27109375 0.146875 0.4578125
0 0.4859375 0.1640625 0.128125 0.328125
0 0.77734375 0.3109375 0.1546875 0.378125
0 0.95234375 0.321875 0.0953125 0.35625
0 0.8078125 0.28984375 0.146875 0.4203125
0 0.3203125 0.85390625 0.153125 0.2921875
0 0.41796875 0.76171875 0.2671875 0.4765625
0 0.60390625 0.809375 0.1921875 0.38125
0 0.67890625 0.8296875 0.0421875 0.340625
2 0.7834319963055834 0.6333366701153131 0.08663148495630538 0.13317748233256949
0 0.71875 0.58203125 0.0375 0.1640625