0 0.034375 0.12109375 0.06875 0.2109375
0 0.096875 0.14296875 0.146875 0.2859375
0 0.1756402303021604 0.13489005398105477 0.08556543144645268 0.17471935633066593
0 0.2533228338887861 0.1733292167251123 0.15742899581262612 0.33203302434972926
0 0.286856599728228 0.20707692532925445 0.10839092625067259 0.21101141233702042
2 0.07890625 0.390625 0.0953125 0.0375
2 0.0640625 0.1140625 0.11875 0.228125
0 0.95859375 0.11171875 0.0828125 0.2234375
2 0.81015625 0.05078125 0.1328125 0.1015625
2 0.7234375 0.365625 0.15 0.0875
0 0.509375 0.629919396875 0.504926721875 0.640003340625 0.48113965625 0.7026667468750001 0.4076405515625 0.869089475 0.355362178125 1 0.40677483125 1 0.40780674687499996 0.9974960765625 0.45679265312500006 0.893508309375 0.5064327734375 0.773308953125 0.509375 0.765488978125 0.509375 0.629919396875
0 0 0.8781334921875 0.012221164062500001 0.8372346765625001 0.09092466406250001 0.6097646546875 0.14809140625 0.4620834328125 0.1447979796875 0.4476148484375 0.1305923390625 0.4401605875 0.093856384375 0.4360654453125 0.0624798421875 0.45156634531249995 0.0572754484375 0.5126136421874999 0.039931396875000004 0.5713341390625 0.0034942953125000004 0.6807624140625 0 0.6896623609375 0 0.8781334921875
0 0.020745659375 0.409375 0 0.4755535390625 0 0.714944703125 0.0035187046875 0.7056316031250001 0.050611775000000005 0.5607510390625 0.0564906296875 0.47305107968750004 0.059824546874999995 0.4666375140625 0.0702152046875 0.4609515953125 0.0887221125 0.409375 0.020745659375 0.409375
0 0.14206326977471423 0.7546509492719466 0.20759252279993276 0.44683190990138844
0 0.28314137386554294 0.6452878116916926 0.1316534636295394 0.2535534683433748
0 0.73359375 0.49296875 0.1078125 0.1671875
0 0.6694513063972763 0.6739794220795483 0.11282705397461328 0.22981595941492117