0 0.20546875 0.08125 0.0890625 0.1625
0 0.296875 0.11484375 0.096875 0.2296875
0 0.38359375 0.1359375 0.1078125 0.271875
0 0.44609375 0.15078125 0.0671875 0.2046875
0 0.833826840659355 0.1214133973192852 0.06192462504240907 0.16676237012586892
0 0.8844171177011969 0.13073012034958348 0.06381450725639404 0.17625576929603187
2 0.78828125 0.0109375 0.0640625 0.021875
0 0.25 0.31328125 0.05625 0.0265625
0 0.1765625 0.32265625 0.05625 0.0453125
0 0.3783530791417915 0.754529860177114 0.06826390507947586 0.12516686597668408
0 0.2232365040067152 0.7999579915011376 0.06966271397248339 0.12059776514684692
0 0.89921875 0.60234375 0.1890625 0.6046875
0 0.53359375 0.6984375 0.1078125 0.603125
0 0.5719840611704422 0.6402287166060283 0.13795144482000765 0.42497853444287886
0 0.6346452961943176 0.46089733673189714 0.07097224282842393 0.1580977651468471