0 0.0578125 0.25703125 0.115625 0.4453125
0 0.0984375 0.259375 0.13125 0.440625
0 0.3026710990968754 0.18491776927051112 0.073120074586922 0.2638546863901311
0 0.34140625 0.2625 0.1234375 0.434375
0 0.4046875 0.2765625 0.05 0.40625
0 0.17438984247345335 0.24298663140711163 0.07362601687504089 0.18907320767745456
0 0.771875 0.115625 0.103125 0.23125
0 0.88359375 0.10703125 0.1078125 0.2140625
0 0.97265625 0.07109375 0.0546875 0.1421875
0 0.65546875 0.1078125 0.0796875 0.215625
0 0.596875 0.09453125 0.090625 0.1890625
0 0.36328125 0.73984375 0.1328125 0.5203125
0 0.0546875 0.69375 0.109375 0.428125
0 0.15234375 0.5953125 0.0734375 0.23125
0 0.6966864500078492 0.6505531129697798 0.07924109981466554 0.21596348960843983
0 0.7632638255984124 0.6856440249704943 0.10024805897782549 0.3265403566887189
0 0.8180579638028472 0.7457185114768409 0.09879468638248703 0.32955609604505726
0 0.8612970431142749 0.8019249528106507 0.07077383538669527 0.19666718639013112
0 0.959375 0.72578125 0.08125 0.3203125
0 0.98515625 0.678125 0.0296875 0.328125