0 0.03046875 0.17578125 0.0609375 0.2109375
0 0.21709905806535518 0.2358284820782587 0.0785260175611974 0.34195925782192055
0 0.1298672236582039 0.19483102673188224 0.07696351756119739 0.34186825256024883
0 0.2902729376520462 0.2768637347796818 0.06840560811666876 0.2132882262518896
0 0.3609375 0.09140625 0.06875 0.1828125
0 0.84453125 0.0625 0.1046875 0.125
0 0.2783410850945224 0.611956884525568 0.035020415494652825 0.11293961575678076
0 0.3160456181738137 0.5746165082454436 0.033276108313060514 0.08159861049510883
0 0.29604569380036627 0.7905523213855059 0.017542024004105095 0.0619385578783902
0 0.3791990822658519 0.7271352925168978 0.03022383118569749 0.09391659997176519
0 0.38774790135130105 0.6001177662085386 0.017651108313060604 0.08068855787839038
0 0.3567751573032293 0.5542816214419755 0.025363614363184794 0.06395608418674961
0 0.31698997375639976 0.6807755029837718 0.012872704722264317 0.0647905420933748
0 0.2965002117543472 0.7124273213855059 0.022202252926866173 0.05752407366340577
0 0.7015625 0.8359375 0.0875 0.328125
0 0.8078563891528567 0.8036900872411085 0.06133851756119739 0.3409581999435303