0 0.35078125 0.21953125 0.0578125 0.4390625
0 0.26536960588993336 0.2046875 0.09465282340579577 0.3390625
0 0.0609375 0.20390625 0.121875 0.4078125
0 0.18046875 0.1734375 0.1078125 0.346875
0 0.9625 0.2109375 0.075 0.421875
0 0.546875 0.21953125 0.19375 0.4390625
0 0.475 0.20703125 0.190625 0.4140625
0 0.67734375 0.16328125 0.1203125 0.3265625
0 0.7671875 0.05625 0.084375 0.1125
0 0.3106350097882829 0.80625 0.05282244355406327 0.1703125
0 0.3248612008952755 0.8109375 0.04602680653075471 0.1546875
0 0.2708086179556509 0.784375 0.05098712504240908 0.1625
0 0.24942469127662856 0.7984375 0.05065974282842385 0.153125
0 0.2078919557045989 0.8171875 0.054166688744739844 0.1640625
2 0.24647576215053557 0.646875 0.02998016587924912 0.053125
2 0.32589044363888126 0.6390625 0.028363102176918176 0.0515625
2 0.3041990152305784 0.93515625 0.0348313569862416 0.0578125
2 0.28515625 0.99375 0.0265625 0.0125
2 0.3171082429980599 0.946875 0.023402783665263983 0.04375
0 0.8213145271266601 0.75546875 0.06248513103285873 0.0890625
0 0.9181200944571879 0.84296875 0.031071439925866074 0.084375