0 0.31329590267820234 0.352910005822792 0.13450199828414036 0.3360344336130419
0 0.41084685259906006 0.32990040354306255 0.12784282132453625 0.32149833693238994
0 0.5065768897460785 0.3246819525080885 0.10430236975432586 0.20902164772027057
0 0.1832734335570147 0.38515197552909797 0.08260922618081654 0.21361405933798813
0 0.1803038947606435 0.25630492511417946 0.07270537727617317 0.14114706348717299
0 0.18403063684308468 0.17005977179483162 0.055580061757624755 0.08840057178554286
0 0.3990418714036785 0.16530510727732892 0.07155205423577726 0.15509116431700995
0 0.65 0.26015625 0.1 0.5203125
0 0.74296875 0.22578125 0.1828125 0.4515625
0 0.884375 0.2671875 0.23125 0.534375
0 0.66171875 0.23671875 0.1234375 0.4734375
0 0.88984375 0.2203125 0.2203125 0.440625
0 0.084375 0.81796875 0.16875 0.3640625
0 0.34921875 0.8140625 0.2578125 0.371875
0 0.19609375 0.86875 0.1671875 0.2625
0 0.53046875 0.82265625 0.1390625 0.3546875
0 0.0890625 0.79609375 0.153125 0.4078125
0 0.1953125 0.8703125 0.165625 0.259375
0 0.38515625 0.79296875 0.1953125 0.4140625
0 0.9734375 0.72734375 0.053125 0.3171875
0 0.93515625 0.5875 0.0578125 0.0375
0 0.90078125 0.6234375 0.0796875 0.109375
0 0.8731111718785322 0.7226151641165174 0.07375105172849494 0.177084563487173
0 0.9263869360642971 0.7586127863169787 0.09814329796757129 0.21167305103961845