0 0.07734375 0.3046875 0.1546875 0.409375
0 0.2921875 0.29921875 0.2875 0.4203125
0 0.16328125 0.278125 0.1921875 0.4625
0 0.14921875 0.35625 0.1734375 0.30625
0 0.38203125 0.26171875 0.1359375 0.4953125
0 0.9109375 0.296875 0.178125 0.425
0 0.79296875 0.35 0.1359375 0.31875
0 0.675 0.31015625 0.209375 0.3984375
0 0.55859375 0.36171875 0.1421875 0.2953125
0 0.51484375 0.32578125 0.1296875 0.3671875
0 0.4875 0.34609375 0.075 0.3265625
0 0.8109550174289257 0.23727686614155236 0.14591234160558172 0.34800596878180673
0 0.08671875 0.59375 0.1484375 0.16875
0 0.0265625 0.60390625 0.053125 0.1890625
0 0.184375 0.56171875 0.1125 0.1046875
0 0.7096060488557078 0.7807813294810635 0.14783547452530268 0.3309275961864685
0 0.6059129663043039 0.8077034388295579 0.14060212873234706 0.3166468413771451
0 0.8075900807866929 0.779504060876742 0.11253212303236389 0.20500001324684386
0 0.5170193471303379 0.6565823937315486 0.06720891535490922 0.13639385698624168
0 0.5617251957732852 0.5884425181409854 0.06691398441265975 0.10988592068857254
0 0.5055305540514878 0.8096801118803831 0.09247099530842302 0.1855952488188736
0 0.4859375 0.77578125 0.071875 0.1890625