0 0.9734375 0.1125 0.05 0.225
0 0.05310208604142179 0.5026543445367307 0.027454618505530704 0.14222707279438912
0 0.127720256496117 0.5293355629198981 0.048877425322663905 0.296553627390181
2 0.01875 0.7734375 0.0375 0.103125
0 0.07368732143092523 0.48833102868217193 0.0283273717519414 0.1922270727943891
0 0.6241082869349263 0.5463578724529354 0.056670560063544165 0.20652940468807693
0 0.7357043060096498 0.560548385252862 0.052711537335372684 0.3373788864894795
0 0.709375 0.36640625 0.04375 0.1328125
0 0.8401599809285718 0.5805383150793665 0.05114903733537268 0.33727875693983034
0 0.796875 0.359375 0.059375 0.11875
0 0.93984375 0.35390625 0.0390625 0.1078125
0 0.9558549391256769 0.4495164574289422 0.04976599512873605 0.16862888648947968
0 0.9269645056853382 0.6259893198597284 0.05370920129724617 0.2157041455887782
0 0.98828125 0.58203125 0.0234375 0.2203125