0 0.090625 0.5 0.153125 0.31875
0 0.18747819583688194 0.5005806055020539 0.13726873735195272 0.30956887978345565
0 0.2694735570396811 0.5241066852063673 0.10684568631233429 0.21669941818411545
0 0.03046875 0.52578125 0.0609375 0.1921875
0 0.02578125 0.3609375 0.0515625 0.165625
0 0.03125 0.39765625 0.0625 0.3734375
0 0.5625 0.24453125 0.29375 0.4890625
0 0.63359375 0.31484375 0.3203125 0.6296875
0 0.96484375 0.26875 0.0703125 0.5375
0 0.209375 0.91875 0.178125 0.1625
0 0.6171875 0.8296875 0.23125 0.340625
0 0.70390625 0.8296875 0.3984375 0.340625
0 0.853125 0.8296875 0.29375 0.340625
0 0.94921875 0.8296875 0.1015625 0.340625