0 0.37583996721045587 0.20543538077412168 0.17221135119776693 0.347002030005819
0 0.44609375 0.228125 0.0859375 0.3625
0 0.2478411199694178 0.20754040152690703 0.1228930246489437 0.23718074879205203
0 0.30390625 0.0578125 0.1078125 0.115625
0 0.36875 0.0265625 0.109375 0.053125
0 0.21221788048486742 0.13872675758604372 0.12388231456303549 0.2263707945496865
0 0.79765625 0.2546875 0.3046875 0.509375
0 0.53046875 0.1546875 0.0828125 0.309375
0 0.61328125 0.03203125 0.0890625 0.0640625
0 0.03203125 0.60390625 0.0640625 0.1890625
0 0.0203125 0.82421875 0.040625 0.1859375
0 0.90390625 0.5578125 0.1671875 0.096875
0 0.9375 0.54375 0.121875 0.06875
2 0.7273161787667022 0.6646827060785332 0.10432673111680746 0.15009533697334126