0 0.12362211263183456 0.18288335214796786 0.10495759968941645 0.3305651033908223
0 0.2269291231551783 0.19081147621695446 0.1010135523343699 0.3163570541766104
0 0.32337918892607637 0.21478197725041176 0.08821117349399668 0.20356595574818695
0 0.0376159941736308 0.21783408684648692 0.06982519454068417 0.20894266046291676
0 0.03984375 0.06171875 0.0796875 0.1234375
0 0.0109375 0.1734375 0.021875 0.196875
0 0.57421875 0.27578125 0.1765625 0.5078125
0 0.8375 0.23515625 0.153125 0.4703125
0 0.5609375 0.075 0.1 0.15
0 0.2359375 0.76484375 0.190625 0.4703125
0 0.44921875 0.78203125 0.0609375 0.4359375
0 0.10859375 0.7796875 0.1171875 0.440625
0 0.24609375 0.64765625 0.1203125 0.2359375
0 0.36484375 0.8296875 0.1546875 0.340625
0 0.54921875 0.7921875 0.1203125 0.415625
0 0.63984375 0.76484375 0.2328125 0.4703125
0 0.809375 0.78125 0.203125 0.4375
0 0.96328125 0.78125 0.0734375 0.4375
0 0.92265625 0.8109375 0.1203125 0.378125