0 0.14593996931674055 0.17566580804422519 0.06777904349765969 0.20694089067472704
0 0.25625 0.1546875 0.09375 0.309375
0 0.37578125 0.14375 0.0859375 0.2875
0 0.48063064570447506 0.13344468208940494 0.07109504448624282 0.21166475334181775
0 0.43828125 0.01796875 0.0578125 0.0359375
0 0.29140625 0.0265625 0.0640625 0.053125
0 0.16015625 0.0375 0.0609375 0.075
0 0.51875 0.09140625 0.071875 0.1828125
0 0.10462656121779475 0.13454082137172546 0.07029654844057553 0.2303965720082722
0 0.08203125 0.57421875 0.0640625 0.0484375
0 0.121875 0.6234375 0.078125 0.146875
0 0.1609375 0.64921875 0.078125 0.1984375
0 0.25195254737763034 0.6686089280712695 0.0640173735357159 0.19127952800763595
0 0.31015625 0.6515625 0.0921875 0.203125
0 0.3734375 0.6265625 0.08125 0.153125