0 0.20625 0.1421875 0.184375 0.284375
0 0.29375 0.1546875 0.2125 0.309375
0 0.32890625 0.1546875 0.1421875 0.309375
0 0.15546875 0.08671875 0.1515625 0.1734375
2 0.428125 0.29296875 0.0375 0.0328125
0 0.42265625 0.2703125 0.0453125 0.078125
0 0.08677192440908713 0.49484925527830104 0.12568768689433424 0.21287392126547414
0 0.26858428914357757 0.6004020056853381 0.16556927774361122 0.336856892044481
0 0.18759673307527738 0.5384571590939048 0.16400677774361122 0.3368296185055305
0 0.33450957392455444 0.6594809508967996 0.12256268689433422 0.21281937418757338
0 0.384375 0.47578125 0.03125 0.2203125
0 0.7181965230520342 0.6012883957012243 0.10623856436617345 0.1579136858759707
0 0.4807889942231422 0.7298027280859027 0.10166032500983527 0.15939436525911965