0 0.5671875 0.1171875 0.103125 0.234375
0 0.4484375 0.1734375 0.153125 0.346875
0 0.33203125 0.140625 0.1046875 0.28125
0 0.14765625 0.175 0.1265625 0.35
0 0.278125 0.12421875 0.1125 0.2484375
0 0.22734375 0.12578125 0.1078125 0.2515625
0 0.57421875 0.0609375 0.0890625 0.121875
0 0.56875 0.67890625 0.1 0.3296875
0 0.47794844593413943 0.6886985063347131 0.10676126670908896 0.315500631037097
0 0.4623250879615018 0.487658843560874 0.05586928668045381 0.10315374373179384
0 0.39028481393223036 0.7053069963055834 0.08348630402608972 0.1945516335443795
0 0.41569444127945704 0.6022585526529317 0.08899196403563465 0.2650005258642475
0 0.9703125 0.76328125 0.059375 0.2796875
0 0.9035297012651394 0.7732279336900287 0.08192380402608972 0.19450616943775678