0 0.1203125 0.32890625 0.046875 0.1421875
0 0.22265625 0.353125 0.0390625 0.09375
0 0.2484375 0.3296875 0.04375 0.140625
0 0.29609375 0.328125 0.0515625 0.14375
0 0.17676840815951883 0.3102591813459689 0.0399752139724832 0.11729881596343468
0 0.92702405 0 0.934306325 0.06668023281249999 0.9781635 0.101421325 0.9674184078125 0 0.92702405 0
0 0.9875 0.0703125 0.025 0.140625
0 0.3242089256675319 0.784985199542934 0.04315477767481433 0.1190068651776464
0 0.34333094790005053 0.7741761321317572 0.03657739546082901 0.10934076674922295
0 0.3804862075186974 0.7883863353987449 0.03986608656782167 0.11417381596343468
2 0.2875943246717402 0.6522433200972639 0.02200397477225664 0.04938356989237604
2 0.3565799376484315 0.6398567901134745 0.013700401451278843 0.03495719685684691
2 0.38977441668185725 0.8980160465236153 0.03283234736759475 0.046767992142117264
2 0.3890229377332496 0.9658392473094036 0.02485615626060227 0.041716619106588124
2 0.4066171763005041 0.9112801798982268 0.024801592558271322 0.04015411910658813
0 0.8046875 0.4421875 0.1 0.084375