0 0.07109375 0.24296875 0.1296875 0.4859375
0 0.28032606518934405 0.23807629301741562 0.10265626788018167 0.46874209172016934
0 0.384375 0.25 0.06875 0.5
0 0.29140625 0.0796875 0.0984375 0.159375
0 0.9609375 0.35546875 0.078125 0.2890625
0 0.8546875 0.34921875 0.0875 0.3015625
0 0.8444186235817565 0.17135421752930063 0.04822220282385157 0.10079093262955982
0 0.7935177016367174 0.2283076010523649 0.052211020849682474 0.13053297970746058
0 0.7702440230277606 0.38344906858496086 0.0582169799417402 0.17592730032431164
0 0.7401760897999503 0.34227859780595404 0.058444300474853696 0.18373980032431164
0 0.0234375 0.5421875 0.03125 0.084375
0 0.00625 0.5515625 0.0125 0.103125
0 0.06830108979995035 0.5795445929346901 0.038103056743059936 0.12872501785690743
0 0.09609375 0.5859375 0.0421875 0.171875
0 0.1390625 0.575 0.046875 0.15
2 0.0339080547645028 0.7407451456946336 0.046386918184115444 0.09138865909060953
0 0.71328125 0.75 0.1890625 0.5
0 0.62265625 0.76796875 0.0953125 0.4640625
0 0.87578125 0.75 0.1703125 0.5
0 0.9703125 0.75 0.059375 0.471875