0 0.35625 0.1328125 0.053125 0.265625
0 0.27078795138445216 0.12219515377362518 0.04602266669318063 0.19888378121376693
0 0.4299175033815887 0.08809173649490258 0.029779501352635407 0.1444833236374216
0 0.5109375 0.13671875 0.059375 0.2734375
0 0.5445072620544066 0.1240933961875815 0.05710561736154425 0.2122766015172087
0 0.47109375 0.08203125 0.0421875 0.1640625
0 0.38711457475331423 0.3746668363451214 0.06373633068109026 0.1113518303053814
0 0.69921875 0.115625 0.0796875 0.23125
0 0.82421875 0.08203125 0.0796875 0.1640625
0 0.88984375 0.1046875 0.0609375 0.209375
0 0.3324970633752254 0.7970516325617979 0.05223739871099795 0.3305164184866706
0 0.4896737640435889 0.796733283919527 0.057179437380634114 0.35277405575957416
0 0.40891411270686173 0.7783018904377056 0.04262494668999892 0.17519118969849795
0 0.25443569804263444 0.8088976704435247 0.044641980028634974 0.21438123545613247
0 0.539019783378407 0.8036530925540392 0.04235332137172563 0.2860011439408634
0 0.79296875 0.58671875 0.0796875 0.0734375
0 0.85859375 0.6390625 0.0578125 0.178125