0 0.1390625 0.23046875 0.115625 0.3765625
0 0.43671875 0.2484375 0.1171875 0.340625
0 0.02265625 0.28203125 0.0453125 0.2734375
0 0.1 0.18024783728518404 0.0640625 0.3554329346753632
0 0.22890625 0.209375 0.0890625 0.41875
0 0.29609375 0.30390625 0.1015625 0.2296875
0 0.509375 0.2140625 0.084375 0.409375
0 1 0.41875 1 0.320050521875 0.988378846875 0.3180052390625 0.980014940625 0.32271328125 0.9776211125 0.336774540625 0.9833032921874999 0.41875 1 0.41875
0 0.93515625 0.371875 0.0484375 0.09375
0 0.03359375 0.7743694599379574 0.0328125 0.15506930800445423
0 0.0734375 0.7512495859325485 0.0296875 0.2097204453373635
0 0.10078125 0.7220251625955033 0.0203125 0.1502363573360908
0 0.13203125 0.7466615359245944 0.028125 0.20970226400381797
0 0.0125 0.6910211579408209 0.025 0.09560340133672715
2 0.0125 0.94453125 0.025 0.0953125
0 0.725 0.66953125 0.1375 0.5015625
0 0.63359375 0.57890625 0.0671875 0.3203125
0 0.8875 0.70234375 0.121875 0.5671875
0 0.984375 0.5734375 0.03125 0.309375