0 0.2171875 0.259375 0.275 0.51875
0 0.43203125 0.259375 0.1140625 0.51875
0 0.0890625 0.28203125 0.178125 0.4734375
0 0.12734375 0.23125 0.2234375 0.4625
0 0.22734375 0.16640625 0.1984375 0.3328125
0 0.36498643481065596 0.2492258292190967 0.19006533966693623 0.46817203780340294
0 0.45 0.1578125 0.078125 0.315625
0 0.6835472520450641 0.20635518351124987 0.08148934389007838 0.11744337955902787
0 0.7646919519659218 0.17397713497427061 0.08121655925034225 0.10806837955902786
0 0.8369473851937321 0.13164285818878443 0.06692673871722885 0.09992857123840286
0 0.9148534248480331 0.0954312948341663 0.07492109514371954 0.1063604091943056
2 0.35390625 0.98203125 0.0296875 0.0359375
0 0.6973479569139797 0.7060772008943399 0.0700804824490227 0.15465243882958343
0 0.5859641760351673 0.6664536160725691 0.12697900329870535 0.2855764369297223