0 0.16462228994272993 0.31289058288040117 0.21804530673136063 0.4876991530976461
0 0.13419899327659351 0.307387533355371 0.13021694804263442 0.3206953595655099
0 0.21875 0.31953125 0.225 0.4984375
0 0.4359375 0.23359375 0.1875 0.4671875
0 0.48359375 0.22109375 0.0921875 0.4421875
0 0.2546847632877294 0.23162065072279706 0.08121473201781741 0.1354262449116173
0 0.35167848929822887 0.15931296076327683 0.12798173870145285 0.26280097241038014
0 0.6671875 0.0390625 0.146875 0.078125
2 0.45703125 0.95 0.1203125 0.1
0 0.628125 0.67578125 0.140625 0.2140625
0 0.596875 0.6515625 0.134375 0.165625
0 0.56171875 0.61484375 0.0640625 0.0921875
0 0.76796875 0.66015625 0.1484375 0.1828125
0 0.82578125 0.6375 0.1546875 0.1375
0 0.8984375 0.596875 0.11875 0.05625