0 0.290625 0.31875 0.153125 0.3625
0 0.2765625 0.34140625 0.084375 0.3171875
0 0.34140625 0.32734375 0.1515625 0.3453125
0 0.55859375 0.340625 0.0828125 0.31875
0 0.42821647779405964 0.29035531534737513 0.06472302768032882 0.13470819994353028
0 0.6529127302655177 0.21246480475344426 0.10259971247102051 0.22264781570031095
0 0.26953125 0.571875 0.0890625 0.14375
0 0.3375 0.62265625 0.1125 0.2453125
0 0.39609375 0.6578125 0.1109375 0.315625
0 0.4422577090481603 0.7153846784027327 0.07814354053191011 0.19628273677523325
0 0.54296875 0.6578125 0.1078125 0.315625
0 0.5703125 0.640625 0.059375 0.28125
0 0.97421875 0.52421875 0.0515625 0.0484375
0 0.95390625 0.98828125 0.0328125 0.0234375
2 0.8765625 0.9875 0.04375 0.025