0 0.2905905351555851 0.33306002321853817 0.07919961827801832 0.3253727047222643
0 0.18504901054847914 0.334008923980664 0.07541964681406554 0.3112920240041051
0 0.3907724716733497 0.3297355561996337 0.07166960049533806 0.1972386143631848
0 0.09778229694240932 0.37882599941082484 0.07388707195929074 0.2113102047222643
0 0.11776311890170006 0.16794758674484234 0.05756855913900916 0.16279089149054773
0 0.08603792990273607 0.21152486992232955 0.042778313067950616 0.14708407825883113
0 0.04934695099518525 0.3449413579202771 0.04943072745980874 0.18929884933607005
0 0.7390625 0.27890625 0.1375 0.5578125
0 0.93046875 0.15078125 0.0796875 0.3015625
0 0.7859375 0.1734375 0.103125 0.346875
0 0.3856397078196109 0.8503742673648057 0.022281722497410072 0.10947499394987581
0 0.37203312614041034 0.8237254089535494 0.02755141935425698 0.12200226502711473
0 0.3328614642297516 0.8258418999765589 0.02911391935425689 0.12201135538619426
0 0.3105862038906694 0.8343083849494443 0.028968370140045163 0.11888635538619426
0 0.2710677855698698 0.8606481711519937 0.029186693961362753 0.12357385538619425
0 0.3569090479758666 0.6618748487468948 0.020535131926869354 0.0719749939498758
2 0.2915729923515141 0.6888458940246306 0.029691808105551942 0.06734203610435348
2 0.36882685111901975 0.6744475716195317 0.02115156203449331 0.05167158430895533
2 0.36577450992930666 0.9581004089535494 0.027619885855810898 0.056395445745273776
2 0.37872827419733035 0.965208927005726 0.017517139784752445 0.040715903590796285