0 0.35967519176867385 0.2198307330458892 0.07709166297065302 0.19993153349844608
0 0.321875 0.3328125 0.078125 0.09375
0 0.37421875 0.3484375 0.0703125 0.0625
0 0.88203125 0.07421875 0.1046875 0.1484375
0 0.9671875 0.0703125 0.065625 0.140625
0 0.79609375 0.065625 0.0703125 0.13125
0 0.7453125 0.04296875 0.071875 0.0859375
0 0.17701315216496064 0.49232012489755606 0.06692843671876343 0.13245293507002245
0 0.5340598127165392 0.6842229886274606 0.15618398365028713 0.5947389193542569
0 0.8140625 0.71328125 0.190625 0.5734375
0 0.687791028445085 0.7412991263452982 0.11647049431480508 0.4479709272121397
0 0.824572149675299 0.5477031759737947 0.12021857864272896 0.3250428494618808
0 0.9328125 0.796875 0.134375 0.40625