0 0.31425536589189845 0.22737019695975844 0.04056058243141329 0.1920810841867496
0 0.37265625 0.18984375 0.0328125 0.1203125
0 0.34520234801405103 0.20405379430068765 0.03545875212603189 0.1295810841867496
2 0.3646864452791959 0.40770941531914023 0.04802265394280312 0.09299113680346807
0 0.4780616139350444 0.10215038908136816 0.03498052000387943 0.10467208944842143
2 0.56090606484343 0.125814673211648 0.025573826971401557 0.046586573663405864
0 0.26328125 0.6765625 0.1359375 0.39375
0 0.31484375 0.73984375 0.1484375 0.5203125
0 0.7558213704338262 0.7068441363093579 0.09540706334561797 0.3305667315135613
0 0.8463186957382378 0.6752216809629814 0.08293901425400349 0.31117969468185847
0 0.9334200830111415 0.675584972985769 0.07047122303829667 0.21559417889684288
0 0.6802475434624247 0.7479703942724528 0.07299044515850958 0.18930469468185845
0 0.6310920505894264 0.5904694364364149 0.06457216727872259 0.16237817363517096
0 0.60859375 0.65 0.1140625 0.340625