0 0.1796875 0.2265625 0.084375 0.453125
0 0.22890625 0.24453125 0.0828125 0.4890625
0 0.15747931278593724 0.20665502236065042 0.049897429330277986 0.33395349784053163
0 0.3875 0.15625 0.025 0.3125
0 0.7151800971708677 0.10877633173680427 0.06257665444465292 0.2083922933370248
0 0.7875 0.15 0.065625 0.3
0 0.8556037689986107 0.19366937075489252 0.07013719414791701 0.3321301819859729
0 0.9062207116279162 0.23759864589332008 0.058034624809375046 0.21434190468807693
0 0.98671875 0.16640625 0.0265625 0.3109375
0 0.2363849095755553 0.845369177971578 0.04124586189159736 0.16334060919158375
0 0.28611215264170103 0.8602920735603563 0.041500435029861296 0.17427810919158376
2 0.21600424686586797 0.6116857904023643 0.04923889342673622 0.10456638648947965
2 0.20864438212447906 0.6925853369785916 0.05214568787965277 0.0953916455887783
0 0.81015625 0.75546875 0.1234375 0.4890625
0 0.4296875 0.78671875 0.059375 0.4265625
0 0.47109375 0.81484375 0.0609375 0.3703125
0 0.5536457979682984 0.6822429125507579 0.047823170212222266 0.177803627390181