2 0.09539359759717474 0.09309050102568524 0.0784557736099071 0.11614706348717299
0 0.5519594985393976 0.2180187234312836 0.09216554203601816 0.21962726099766208
0 0.05078125 0.5984375 0.1015625 0.459375
0 0.15957438331810092 0.5941882918928341 0.09161732082972165 0.33754846680652106
0 0.28515625 0.5984375 0.1328125 0.459375
0 0.23647934443962884 0.5293785854592754 0.0742152073518513 0.31605197510489075
0 0.5578125 0.46796875 0.090625 0.1984375
0 0.859870451885231 0.48792755911427355 0.08529082544786988 0.19427206348717302
0 0.96640625 0.471875 0.0671875 0.203125
0 0.465625 0.4625 0.03125 0.1875
2 0.7908838804433789 0.68818951347324 0.08355337672018485 0.12118976099766217
2 0.7949445382663415 0.8514591080792995 0.11765497464666641 0.12066954274124875
2 0.82109375 0.98359375 0.0984375 0.0328125
0 0.9160705166826846 0.5819726344243014 0.07368894410953661 0.2213314709557058