0 0.13652203938572488 0.11859391211554655 0.06013971069381689 0.20269266046291676
0 0.19094645739177007 0.16563588606069865 0.07852717870781625 0.3066181811410811
0 0.23453337273231512 0.22076218775610973 0.08177944804263433 0.3177012303552928
0 0.26177767274026936 0.2805931060769093 0.057014710693816896 0.20254711124870503
0 0.3823078014003606 0.23779563812761326 0.07852717870781625 0.3066181811410811
0 0.4328125 0.2 0.053125 0.321875
0 0.8006310874044967 0.5350772448282044 0.07053177068745349 0.15632708271265763
0 0.5828125 0.64140625 0.065625 0.0546875
2 0.24683447274822354 0.7425857220831252 0.12320223734881744 0.1197389193542568
2 0.2359375 0.959375 0.08125 0.08125
2 0.425 0.71015625 0.06875 0.0828125