0 0.3125 0.0609375 0.1125 0.121875
0 0.23984375 0.0375 0.0984375 0.075
0 0.4109375 0.23984375 0.084375 0.2796875
0 0.5 0.19609375 0.184375 0.3671875
0 0.62109375 0.21640625 0.1421875 0.3265625
0 0.7453125 0.18984375 0.184375 0.3796875
0 0.58359375 0.04921875 0.0828125 0.0984375
0 0.2656580786123661 0.5908185899610688 0.1033453653723619 0.2915746877564411
0 0.19568138594050274 0.6262666586304185 0.09447834802672599 0.2006313527754692
0 0.3207364772835932 0.5594531848278727 0.06744313335454458 0.1589240138401644
0 0.35078125 0.5671875 0.0359375 0.28125
0 0.13555240794082088 0.6214717292769343 0.1189703653723619 0.292211357718385
0 0.2229711392823205 0.5648489975657232 0.07707267202418074 0.18118101581733087
0 0.28584385662000217 0.5353644274134988 0.06589881468808993 0.16042284684397004
2 0.32924622191282216 0.8357119372993305 0.06230110001590834 0.11967051285158128
0 0.75390625 0.7203125 0.2421875 0.559375
0 0.4546875 0.79453125 0.171875 0.4109375
0 0.428125 0.8234375 0.11875 0.353125
0 0.4585001066200022 0.7144179160447923 0.09949311203054396 0.2289473537640522