0 0.16124206513329398 0.4016215730989309 0.06214879788366652 0.13299177513842758
0 0.18702331513329407 0.40327371066814466 0.08134507909743345 0.17774307063492073
0 0.22842956513329407 0.4059271437338518 0.0855223960668953 0.1717934592838688
0 0.07484205058942654 0.353676623994095 0.09237817394668238 0.19865634793281667
0 0.13925523695394454 0.3342443059800678 0.06243584030732112 0.11746690468807693
2 0.05625 0.509375 0.071875 0.059375
2 0.6203125 0.2375 0.203125 0.475
0 0.43828125 0.8515625 0.1421875 0.296875
0 0.36050861255791855 0.8028057364248811 0.14977582788948549 0.2924854935215951
0 0.48359375 0.9171875 0.0703125 0.165625
0 0.28643325483179194 0.7674306384920644 0.1124355824314133 0.19683303207825792
0 0.7580370589243761 0.8343666170542647 0.10475062818904783 0.19789488433001132
0 0.8274407631667418 0.8403848820136595 0.1292082363742164 0.28805880937615386
0 0.8854445818031934 0.8417459253506843 0.07436175546001174 0.14931768198597287
0 0.9296875 0.8734375 0.121875 0.253125
0 0.6926032486228741 0.7893359168696945 0.14027328213185086 0.29032221622369914