0 0.428125 0.38046875 0.0625 0.2921875
0 0.39140625 0.3234375 0.1359375 0.278125
0 0.3118713947299033 0.2935935049480579 0.10694712008095948 0.19500627461060613
0 0.78828125 0.28203125 0.2765625 0.5640625
0 0.40390625 0.92890625 0.1109375 0.1421875
0 0.309375 0.86015625 0.225 0.2796875
0 0.19609375 0.88203125 0.1515625 0.2359375
0 0.05703125 0.8546875 0.1140625 0.290625
0 0.16640625 0.8546875 0.1671875 0.290625
0 0.11171875 0.8546875 0.1578125 0.290625
0 0.4328125 0.875 0.053125 0.25
0 0.62109375 0.9015625 0.1359375 0.196875
0 0.56328125 0.90390625 0.2078125 0.1921875
2 0.5234375 0.9625 0.128125 0.075