0 0.30496125253408285 0.3467139560785333 0.11910556576579942 0.3392534318225901
0 0.22285727966144586 0.3275178038027202 0.09029878883482798 0.21977010818516848
0 0.4637822615110732 0.3987223504784386 0.1254282886384363 0.35226361485312835
0 0.49140625 0.43984375 0.0765625 0.2171875
0 0.3831317043294809 0.36090374396026004 0.061919258780598695 0.17372428454774697
0 0.26653001160926915 0.31780783501648713 0.08089651775758924 0.21431733363936126
0 0.3160634207592102 0.6443542306243405 0.09129768657189175 0.12302265394280312
0 0.6110486678323439 0.39209010001939665 0.13320442720211786 0.34665134364130096
0 0.5640625 0.3234375 0.06875 0.346875
0 0.67544296593875 0.45435072608241267 0.10122719847574828 0.21910042848861017
0 0.7782810987468949 0.27923876896510913 0.10439765027114642 0.22716802000387942
0 0.3578125 0.93671875 0.1375 0.1265625
0 0.45703125 0.93046875 0.1453125 0.1390625
0 0.23671875 0.884375 0.1765625 0.23125
0 0.1203125 0.896875 0.128125 0.20625
0 0.06171875 0.86953125 0.1234375 0.2609375
0 0.45546875 0.93125 0.1046875 0.1375
0 0.57734375 0.86953125 0.0953125 0.2609375
0 0.65625 0.89140625 0.096875 0.2171875
0 0.67265625 0.76796875 0.0796875 0.0578125
0 0.710003797419035 0.8605843638143582 0.09808401775758924 0.21572033697334128