0 0.04765625 0.24140625 0.0953125 0.4171875
0 0.1765625 0.225 0.159375 0.45
0 0.3265625 0.265625 0.121875 0.36875
0 0.48671875 0.2328125 0.1640625 0.434375
0 0.66484375 0.25234375 0.1015625 0.3953125
0 0.1234375 0.18203125 0.115625 0.3640625
0 0.234375 0.225 0.11875 0.45
0 0.52265625 0.21328125 0.1203125 0.4265625
0 0.14609375 0.65859375 0.1109375 0.4171875
0 0.290625 0.72265625 0.153125 0.5453125
0 0.4497069564651593 0.7055456399188673 0.11141493285070628 0.4729476986791813
0 0.61015625 0.725 0.1640625 0.55
0 0.70234375 0.6578125 0.0328125 0.415625
0 0.1953125 0.53046875 0.1 0.1609375
0 0.58984375 0.621875 0.1203125 0.34375
0 0.8822740587463368 0.7138757605824584 0.09455640220462769 0.3275079293443632
0 0.7885704796968639 0.6946632312619578 0.09085839923887828 0.3134090666772723
0 0.965625 0.75 0.06875 0.2
0 0.83125 0.496875 0.05 0.09375
0 0.72734375 0.6859375 0.0171875 0.190625
0 0.7546875 0.59296875 0.071875 0.2609375