0 0.04609375 0.09453125 0.0921875 0.1890625
0 0.08515625 0.07734375 0.0796875 0.1546875
2 0.0421875 0.31875 0.084375 0.146875
0 0.51796875 0.0640625 0.0734375 0.128125
0 0.5953125 0.07421875 0.09375 0.1484375
0 0.66875 0.028125 0.053125 0.05625
0 0.7546875 0.07109375 0.1125 0.1421875
0 0.7984375 0.04453125 0.084375 0.0890625
0 0.53125 0.0453125 0.078125 0.090625
0 0.72734375 0.26073269787297804 0.0859375 0.11544129353213642
0 0.11171875 0.6906658593383673 0.125 0.22530097241038013
0 0.39296875 0.47265625 0.0890625 0.1265625
0 0.5625 0.46015625 0.065625 0.1015625
0 0.640625 0.8196816519659926 0.103125 0.27102955223856373
0 0.5296875 0.7912114139517801 0.0953125 0.26124511646291493