0 0.75625 0.32578125 0.11875 0.1484375
0 0.86015625 0.33671875 0.1140625 0.1265625
0 0.95234375 0.37890625 0.0953125 0.0421875
0 0.66640625 0.37109375 0.0796875 0.0578125
0 0.6866518396478645 0.26092764255042217 0.09092264427970279 0.19044643992586624
0 0.61953125 0.35078125 0.0796875 0.0984375
0 0.26875 0.7046875 0.0625 0.19375
0 0.20369300670823995 0.6690352645127883 0.09904765752654657 0.2890476310328588
0 0.6038964256675319 0.8445362615175634 0.04019346878180663 0.12312996515360979
0 0.6260888841977197 0.8320461852013608 0.041155768056167295 0.10599702885594056
0 0.6600645801140357 0.844156804801474 0.041319459163159954 0.11068452885594056
0 0.5663145801140357 0.8408829826616229 0.028164694735189677 0.0914980192372937
2 0.6062624791182438 0.7111880481780523 0.03126984736759475 0.046349210344286365
2 0.6749033517135821 0.7104638510806099 0.01844246515360979 0.03653770072563951
2 0.6385392988958424 0.965131503713015 0.029980165879248944 0.05410714664195524
2 0.6513666811098275 0.9749430133316619 0.024801592558271322 0.03988095553496294