0 0.3603667231176047 0.15080727232017396 0.051202743350486205 0.18702852773541673
0 0.3546875 0.0265625 0.04375 0.053125
0 0.31972288611163235 0.11550489874506979 0.04804137575930571 0.18539329255305576
0 0.459375 0.33828125 0.08125 0.4828125
0 0.6265625 0.4125 0.10625 0.334375
0 0.86484375 0.30859375 0.0890625 0.5421875
0 0.5769138710096531 0.22731587414378512 0.06911890159486127 0.28582970364722227
0 0.05859375 0.75859375 0.0953125 0.3578125
0 0.3609375 0.78984375 0.115625 0.4203125
0 0.23203125 0.74375 0.0703125 0.328125
0 0.3125 0.64296875 0.0625 0.1265625
0 0.7269826869297222 0.7003169630496184 0.03528549620027803 0.10701371941479172
2 0.8134475170018405 0.724973430564549 0.019877395326597203 0.04887391109416668