0 0.16411347624584835 0.3597712833939717 0.06946710055371037 0.21051237012586893
0 0.28423620912698516 0.32319239812125583 0.09466496452565601 0.33681476099766205
0 0.39862937615356325 0.3074588091142736 0.0879143167774096 0.32852866431701006
0 0.4932607557032126 0.3018581593194106 0.07132998920265834 0.21531826929603187
0 0.43945822794389133 0.12380493691381225 0.058189639110373295 0.18011447510489073
0 0.20051684145441176 0.0948082116084289 0.06540136181247735 0.17133147095570583
0 0.1592793746124038 0.1740822371282381 0.0635780459579185 0.19140717261537982
0 0.36796875 0.0765625 0.0578125 0.153125
0 0.11151010795496603 0.3229350568391885 0.07279235965300898 0.2138741684661948
0 0.5292995828165384 0.23946398048025347 0.05832934145441175 0.2065585759347277
0 0.971875 0.275 0.05625 0.55
0 0.65859375 0.275 0.0578125 0.55
0 0.6815815784976017 0.25817289459677084 0.09245971930601807 0.4237227651468471
0 0.7650682996585463 0.09091269438698943 0.049576102713178825 0.1670224792540756
0 0.5653267203857523 0.6633023769511242 0.08328976866002265 0.18357136182749906
0 0.62265625 0.67421875 0.0140625 0.1828125