0 0.4703125 0.36328125 0.121875 0.3515625
0 0.56484375 0.26953125 0.3109375 0.5390625
0 0.696875 0.28984375 0.3625 0.4984375
0 0.8375 0.26953125 0.309375 0.5390625
0 0.78125 0.29609375 0.234375 0.4859375
0 0.13359375 0.7671875 0.2671875 0.45625
0 0.32578125 0.74296875 0.1671875 0.4078125
0 0.03671875 0.71171875 0.0734375 0.3453125
0 0.1234375 0.60703125 0.21875 0.1359375
0 0.246875 0.696875 0.209375 0.315625
0 0.3421875 0.696875 0.134375 0.315625
0 0.87578125 0.66875 0.1734375 0.259375
0 0.6086070880175837 0.7766800945085073 0.15385975204506402 0.2971321859797918