0 0.58203125 0.34609375 0.1265625 0.2671875
0 0.7890625 0.39140625 0.115625 0.1765625
0 0.9296875 0.33984375 0.140625 0.2796875
0 0.8 0.32265625 0.103125 0.3140625
0 0.03203125 0.74921875 0.0640625 0.5015625
0 0.2984375 0.74609375 0.175 0.5078125
0 0.171875 0.7953125 0.10625 0.409375
0 0.23203125 0.640625 0.0859375 0.321875
0 0.36953125 0.69375 0.1296875 0.428125
0 0.4546875 0.7875 0.10625 0.425
0 0.6623665515624999 0.4796875 0.6665639984375 0.583455415625 0.6710362109375 0.6134056640625 0.6786362671875 0.6206837703125 0.6865314296875 0.620972028125 0.7021321453125 0.60767764375 0.6916637390625 0.4796875 0.6623665515624999 0.4796875
0 0.7085656609375001 0.4796875 0.7146983 0.633564796875 0.756268046875 0.664824890625 0.74950185625 0.4796875 0.7085656609375001 0.4796875
0 0.7945286945655536 0.5962350383049514 0.07131947241000383 0.21004961179556503
0 0.8557563712445759 0.6081422720628826 0.05865578130301117 0.2049256021769182
0 0.86796875 0.56015625 0.0609375 0.1609375
0 0.903125 0.5375 0.0625 0.115625
0 0.61171875 0.51875 0.0640625 0.078125
0 0.940625 0.50234375 0.0625 0.0453125