0 0.9578125 0.103125 0.084375 0.20625
0 0.7640625 0.14375 0.14375 0.2875
0 0.31909111287640635 0.5339567616471033 0.12067138797200823 0.21642393939369348
0 0.48203125 0.54140625 0.0734375 0.3046875
0 0.425 0.5375 0.15625 0.296875
0 0.6203125 0.603125 0.203125 0.428125
0 0.675 0.62265625 0.215625 0.4671875
0 0.5948337062330661 0.5781405308689802 0.134002027393909 0.33073210085908256
0 0.8875 0.53515625 0.175 0.2921875
0 0.9453125 0.5515625 0.109375 0.325
0 0.81015625 0.49765625 0.1421875 0.2171875