0 0.03125 0.128125 0.0625 0.25625
0 0.0515625 0.2421875 0.103125 0.19375
0 0.08515625 0.27734375 0.0578125 0.1234375
2 0.15625 0.028125 0.06875 0.05625
2 0.13497005792491254 0.08050296528583259 0.0491829346753633 0.06660100180902226
2 0.1383757739099587 0.19090487675122175 0.07792610001590834 0.12119997060135787
2 0.111741095918231 0.1285343515364512 0.06349997334499946 0.08921298620519007
0 0.6890625 0.05625 0.0875 0.1125
0 0.6010586819303214 0.19400114201636978 0.10714198002863498 0.21642393939369348
0 0.7171875 0.1890625 0.134375 0.3
0 0.775 0.01875 0.075 0.0375
0 0.83125 0.21015625 0.134375 0.2578125
0 0.8127876172820023 0.06985871438132137 0.07943405601527206 0.11659435775648745
0 0.928125 0.03671875 0.065625 0.0734375
0 0.95625 0.11640625 0.0875 0.1765625
0 0.9140625 0.26171875 0.10625 0.1546875
0 0.9625 0.2375 0.075 0.203125
0 0.5777217266072754 0.11695064111185864 0.10405334269572589 0.2193851650834338
0 0.5061739906110935 0.6568320126631562 0.10714198002863498 0.21642393939369348
0 0.612014910606321 0.6975565892119793 0.13515898671227067 0.34281602103089914
0 0.6369438272995016 0.5034314529613606 0.07511018268618094 0.14759869629109837
0 0.7091984459341394 0.7432995364075887 0.1351589867122705 0.34281602103089914
0 0.7284318933004561 0.5011906015364511 0.09723972135581711 0.17062011646291486
0 0.865440997294729 0.5505841711878693 0.06538973734881744 0.11741987336031982
0 0.8557290952816843 0.6462275418346557 0.08949994668999892 0.176460680687266
0 0.7827081239258671 0.8081266762762519 0.10567038669636233 0.22415455223856356
0 0.8572177752625942 0.7870163161449153 0.10572493069699859 0.22884205223856355