0 0.39765625 0.2859375 0.028125 0.190625
0 0.43203125 0.3296875 0.03359375 0.12890625
0 0.57890625 0.30859375 0.0171875 0.13046875
0 0.61953125 0.27578125 0.02578125 0.18515625
0 0.48359375 0.6046875 0.03515625 0.27265625
0 0.56796875 0.7625 0.0359375 0.29140625
0 0.60234375 0.7453125 0.02109375 0.13984375
0 0.39140625 0.74375 0.04375 0.259375
2 0.5953125 0.45703125 0.04921875 0.078125
2 0.59296875 0.5296875 0.03515625 0.05703125
2 0.62578125 0.63515625 0.05 0.10859375
2 0.58359375 0.58359375 0.04296875 0.078125
2 0.42109375 0.571875 0.03359375 0.06171875
2 0.39609375 0.5921875 0.03828125 0.075