0 0.02109375 0.215625 0.0421875 0.19375
0 0.046294753858397805 0.2508688726130025 0.0717871547112475 0.13353975334181775
0 0.18086114197389874 0.19613482459423057 0.056052894067585866 0.1317954400063634
0 0.21077823491686284 0.15434676658977628 0.08018951659574647 0.18671929734245413
2 0.240625 0.3296875 0.071875 0.078125
0 0.55546875 0.16640625 0.1734375 0.3328125
0 0.665625 0.13046875 0.140625 0.2609375
0 0.790625 0.14609375 0.19375 0.2921875
0 0.740625 0.08515625 0.115625 0.1703125
0 0.32109375 0.4078125 0.0421875 0.078125
0 0.396875 0.39921875 0.046875 0.0609375
0 0.9480911087055313 0.7036922385821403 0.06844363342392405 0.13037839067472703
0 0.7903932231879203 0.7407120752705484 0.07727233020561534 0.12267497867599957
0 0.6449275398998824 0.8073012332909111 0.07850704827463009 0.11800566000954511