0 0.39453125 0.1484375 0.0109375 0.053125
0 0.953125 0.04921875 0.09375 0.0984375
2 0.74140625 0.04296875 0.0921875 0.0859375
2 0.97265625 0.1109375 0.0546875 0.084375
2 0.8827630919115214 0.2674788969944519 0.0840233105039836 0.10099405347041035
2 0.6948946820406761 0.13248045616484533 0.18826819279472176 0.20028349530842302
0 0.184375 0.93828125 0.15 0.1234375
0 0.084375 0.9296875 0.14375 0.140625
0 0.07108877216983078 0.8416262272000672 0.09080215940862679 0.17319683540139544
0 0.03203125 0.875 0.0640625 0.153125
0 0.62734375 0.92421875 0.1828125 0.1515625