0 0.4357492422486665 0.03655040607095128 0.04362817363517095 0.05203521467218155
0 0.5115914054310811 0.0632316320814508 0.042065673635170955 0.052017033338636096
0 0.946875 0.05546875 0.10625 0.1109375
0 0.13984739511949887 0.6313334580283169 0.16581804693152363 0.4609931386855447
0 0.2630419714137407 0.6100953520448615 0.14709886803468075 0.40768632535009014
0 0.31858006889584417 0.7303538553866794 0.16454397326811776 0.4391181386855445
0 0.4488591030967113 0.7217066560709513 0.18226209428657042 0.47523745202099904
0 0.5670707768024694 0.7457537780871778 0.12241811547443185 0.33244996801399934
0 0.65390625 0.77265625 0.1296875 0.4546875
0 0.66484375 0.7046875 0.1078125 0.30625
0 0.775 0.503125 0.1125 0.36875
0 0.7872537451618511 0.49338385077176794 0.1088260523343699 0.3135545173456357