0 0.53359375 0.26953125 0.2703125 0.5390625
0 0.4421875 0.31484375 0.146875 0.4484375
0 0.6953125 0.30703125 0.240625 0.4640625
0 0.89296875 0.30078125 0.1609375 0.4765625
0 0.82109375 0.3359375 0.1328125 0.40625
0 0.17578125 0.63515625 0.1140625 0.1921875
0 0.284375 0.63515625 0.084375 0.1921875
2 0.10581776017111758 0.8408499110456887 0.16954645182646963 0.22914001038216938
0 0.47890625 0.65 0.1484375 0.221875
0 0.6125 0.62109375 0.11875 0.1640625
0 0.6640625 0.64375 0.103125 0.209375
0 0.78359375 0.6796875 0.1578125 0.28125
0 0.90546875 0.65625 0.1046875 0.234375