0 0.4462169954283343 0.44502511192729777 0.1174977327051848 0.20058178298109547
0 0.5453125 0.41796875 0.159375 0.2828125
0 0.63984375 0.425 0.1609375 0.26875
0 0.7477192897734266 0.3011558954975685 0.10165811922731435 0.18018746974937905
0 0.71484375 0.45625 0.1203125 0.20625
0 0.02578125 0.896875 0.0515625 0.20625
0 0.053125 0.91796875 0.10625 0.1640625
0 0.05752422525879712 0.8926490247896719 0.07837786116879605 0.09259656615858276
0 0.1671875 0.8984375 0.1625 0.203125
0 0.23046875 0.871875 0.1515625 0.25625
0 0.8109375 0.646875 0.30625 0.175
0 0.4765625 0.7796875 0.234375 0.440625
0 0.41328125 0.74609375 0.1078125 0.3734375
0 0.4796875 0.653125 0.19375 0.1875