0 0.9484375 0.18828125 0.103125 0.3765625
0 0.84140625 0.14296875 0.0859375 0.2859375
0 0.721875 0.171875 0.140625 0.34375
0 0.60234375 0.1234375 0.0984375 0.246875
0 0.5671875 0.10078125 0.103125 0.2015625
0 0.51484375 0.0953125 0.0703125 0.190625
0 0.06796875 0.8 0.1359375 0.4
0 0.19296875 0.8 0.1390625 0.4
0 0.35078125 0.8 0.1859375 0.4
0 0.03125 0.7359375 0.0625 0.271875
0 0.1046875 0.79453125 0.1375 0.3890625
0 0.39296875 0.7671875 0.1359375 0.334375
0 0.87578125 0.83828125 0.1546875 0.3234375
0 0.52265625 0.87109375 0.0859375 0.2578125
0 0.84453125 0.87890625 0.1140625 0.2421875