0 0.06361811416679294 0.11276094168956034 0.042451120413308986 0.04727741439185813
0 0.1762726502711464 0.13408366997793864 0.04402271077238851 0.04891268899896399
0 0.05054594242562427 0.14931702584996015 0.05180793969514959 0.04458906203449331
0 0.16241922852997775 0.17067614144189136 0.04710225897699054 0.04124573821317572
0 0.81484375 0.196875 0.2640625 0.39375
0 0.8796875 0.2546875 0.240625 0.509375
2 0.28953273701598886 0.6030798806885244 0.06318177693097127 0.12009848428423417
0 0.7850815863520589 0.7689959791169478 0.0443863251355733 0.11141268899896417
0 0.7786588695295461 0.7395995775453712 0.05227154800821019 0.1242765620344933
0 0.7410997821955286 0.7311899181159118 0.05227154800821019 0.1242765620344933
0 0.7176713725546082 0.7338440372224997 0.052253367290050964 0.12115156203449332
0 0.673217390606785 0.7491993635250166 0.0522806383672898 0.1258390620344933
0 0.8066288125443455 0.5773157473139129 0.033230656517662285 0.07340326674922296
2 0.737133923980664 0.5868042173301236 0.04259656615858276 0.07227741439185813
2 0.8145322161351416 0.5925768742783836 0.03156816256778665 0.056142992142117265
2 0.7379980289740748 0.8696531046336764 0.03784543364502548 0.061121590570540715
2 0.7110269836963391 0.9349891602580289 0.03624657220870695 0.05479881596343468
2 0.7489946163080923 0.8792999323839353 0.025254530054229285 0.04491439371369381