0 0.31953125 0.01171875 0.0515625 0.0234375
0 0.71953125 0.2078125 0.0609375 0.415625
0 0.775 0.171875 0.128125 0.34375
0 0.90234375 0.2015625 0.1859375 0.403125
0 0.1371936609805086 0.6353843320524035 0.08648288708777763 0.13430601581733076
0 0.21207679231884208 0.6104108483640258 0.06201056738935158 0.1037271778706093
0 0.2421875 0.553125 0.04375 0.046875
0 0.07304297808703639 0.6584597347141419 0.0732214694628702 0.10729784684397004
0 0.3076024887374528 0.7590976991623286 0.07669778397749986 0.1292365138401644
0 0.19874489858666583 0.769452925930624 0.08275229434509228 0.14505251482874754
0 0.0706684167299528 0.7914804817483924 0.06404195909527761 0.09135451186299814
2 0.40935162497675864 0.6674924723940332 0.11372889227157383 0.14320085475263547
0 0.75625 0.9203125 0.134375 0.159375
0 0.8375 0.9390625 0.109375 0.121875