0 0.82421875 0.3078125 0.2640625 0.34375
0 0.54140625 0.315625 0.0453125 0.328125
0 0.5936693491013127 0.21626626156330878 0.07761430121764619 0.15108044108527147
0 0.159375 0.77109375 0.278125 0.4578125
0 0.41640625 0.8203125 0.2046875 0.359375
0 0.06484375 0.78203125 0.1296875 0.4359375
0 0.11640625 0.73984375 0.2265625 0.5203125
0 0.24280796395444107 0.7419275956164648 0.19987090698691895 0.4682259731635295
0 0.30234375 0.85 0.1921875 0.3
0 0.46640625 0.80546875 0.1046875 0.3890625
0 0.9265625 0.78671875 0.146875 0.4265625