0 0.7234375 0.38984375 0.078125 0.1203125
0 0.75546875 0.36953125 0.0890625 0.1609375
0 0.796875 0.353125 0.09375 0.19375
0 0.64609375 0.38515625 0.0546875 0.1296875
0 0.65703125 0.38671875 0.0765625 0.1265625
0 0.6776038630720128 0.36173853113337523 0.06576219810012063 0.12394842068857255
0 0.065625 0.79453125 0.13125 0.4109375
0 0.1109375 0.79140625 0.221875 0.4171875
0 0.03203125 0.85390625 0.0640625 0.2921875
0 0.1765625 0.84296875 0.234375 0.3140625
0 0.759375 0.6375 0.24375 0.375
0 0.665625 0.6171875 0.09375 0.33125
0 0.66875 0.55859375 0.1 0.2171875