0 0.271875 0.021875 0.040625 0.04375
0 0.8086077667488599 0.14868958702934698 0.06851473734881744 0.11797572625188942
0 0.740625 0.0265625 0.05625 0.053125
0 0.178125 0.65859375 0.1125 0.4171875
0 0.27890625 0.65703125 0.0953125 0.4140625
0 0.10869757873167885 0.7171680292921311 0.08942941072563357 0.43928928413027996
0 0.315625 0.7625 0.0875 0.475
0 0.8375 0.74140625 0.15 0.5171875
0 0.734375 0.725 0.140625 0.55
0 0.9164100813971789 0.7305402845538029 0.07534872939208821 0.43690773677523326
0 0.9828125 0.59609375 0.034375 0.2328125