0 0.61015625 0.103125 0.1390625 0.20625
0 0.56796875 0.07421875 0.1171875 0.1484375
0 0.6588393272261917 0.13397281720177984 0.10621013568479185 0.18263702564056317
0 0.7375 0.121875 0.140625 0.24375
0 0.7765625 0.10703125 0.13125 0.2140625
0 0.81953125 0.0671875 0.0984375 0.134375
0 0.46613733435073923 0.6344715849844601 0.035351001809022266 0.049965766749223
0 0.44154012607385323 0.6707344166636606 0.035351001809022266 0.04996576674922304
2 0.7316383401164904 0.7354068846129567 0.07695200361804452 0.10022263192686935
2 0.7235403143358929 0.9080438639347921 0.0651137449116174 0.0825257096771285
2 0.7171875 0.97890625 0.046875 0.0421875
2 0.54296875 0.83203125 0.0671875 0.0796875
2 0.5492396771807632 0.898366995242489 0.06618492198083885 0.07322348428423417
0 0.64921875 0.55546875 0.0734375 0.0515625
0 0.790625 0.55625 0.059375 0.053125
0 0.8109375 0.57421875 0.059375 0.0890625
0 0.7895836369279872 0.6960212069865321 0.07036781094499087 0.12329625889134022