0 0.15684268044481336 0.037514686074653934 0.0326913864894796 0.04929836939505616
2 0.2085460803525283 0.07629001471304542 0.04126535009228505 0.0375636439408634
0 0.13513885873015838 0.08207788698303953 0.03707849784053163 0.04499350666795978
0 0.46171875 0.14375 0.0859375 0.234375
0 0.5948400215946833 0.2215222506282198 0.06516152991878954 0.14365414727484324
0 0.5394806955610917 0.17852180759574204 0.05907221622369914 0.12139651000193971
0 0.6442893090716121 0.234197464872525 0.06928782541528271 0.15953423879011233
0 0.6780578300479865 0.46705763335919565 0.10095693244739827 0.2413900166698994
0 0.6171875 0.5265625 0.06875 0.125
0 0.58828125 0.5546875 0.0578125 0.06875
0 0.0953125 0.746875 0.190625 0.315625
0 0.21640625 0.715625 0.1390625 0.253125
0 0.33359375 0.73828125 0.1703125 0.2984375
0 0.30078125 0.67421875 0.1140625 0.1703125
0 0.61875 0.69765625 0.10625 0.2171875
0 0.7171875 0.6890625 0.140625 0.2
0 0.8265625 0.6640625 0.15 0.15
0 0.9171875 0.6203125 0.109375 0.0625
0 0.55078125 0.68515625 0.1046875 0.1921875