2 0.24140625 0.00859375 0.0390625 0.0171875
0 0.90078125 0.209375 0.1984375 0.41875
0 0.484375 0.209375 0.23125 0.41875
0 0.44296875 0.209375 0.1484375 0.41875
0 0.57890625 0.1734375 0.1359375 0.346875
0 0.6703125 0.1515625 0.128125 0.303125
0 0 1 0.0193084734375 1 0.02014735 0.9955760093750001 0.029172115625 0.9259557609375001 0.0693893578125 0.6984671046875001 0.1015581265625 0.550844740625 0.09583230468750001 0.5362779515625 0.08039697031250001 0.5286268656249999 0.043039782812499996 0.5240853796875 0.01433471875 0.5392834546875 0.0194291921875 0.6005218296875 0.0120146359375 0.6592818906250001 0 0.7326445406250001 0 1
0 0.1484375 0.80234375 0.1375 0.3953125
0 0.2712050273710892 0.6832254119878887 0.06248291335136287 0.13778678454774695
0 0.6238669507081345 0.6759391994105736 0.10376353604390705 0.3316004284886102
0 0.5416993407065436 0.6575242971347605 0.07885334802672599 0.20312474212409226
0 0.7852226213796797 0.7250139124469307 0.11477376137808885 0.338743248792052
0 0.7012016100413618 0.681471464413483 0.055034040022271566 0.16839905575957417
0 0.8208152233847704 0.7653836919937077 0.08225106802990786 0.22681733363936124
2 0.65859375 0.95234375 0.0953125 0.0953125
0 0.5909271813733163 0.6623232385002483 0.08217834269572606 0.22056733363936135
0 0.7278095633752254 0.6875459922932701 0.06915108402290801 0.17423446757828492