0 0.38359375 0.3015625 0.0328125 0.171875
0 0.36015625 0.40703125 0.0796875 0.1578125
0 0.35703125 0.12109375 0.0859375 0.1921875
0 0.72421875 0.078125 0.0859375 0.15625
0 0.8092883688817267 0.09894849210261558 0.07197995776545092 0.1407918659766839
0 0.8375 0.10234375 0.0875 0.2046875
0 0.8800636004658753 0.09903007986019796 0.08086911035393456 0.186577962657336
0 0.7875 0.05390625 0.065625 0.1078125
2 0.7139164137471118 0.24073509563174494 0.0728298262236546 0.10196616431700996
0 0.1664385291509567 0.6475188145128583 0.14496097340929204 0.29877123195336797
0 0.21934372127256632 0.660621543142234 0.15219662073610393 0.34287642946385705
0 0.26796875 0.84296875 0.1640625 0.3140625
0 0.046875 0.79140625 0.09375 0.2984375
0 0.2140625 0.871875 0.15 0.25625
0 0.4625 0.7828125 0.125 0.434375
0 0.77890625 0.8 0.2734375 0.4