0 0.27328399907714934 0.301075662597043 0.10015589605020363 0.2263787935321364
0 0.1925544332225905 0.28506223824135496 0.10155770974529403 0.24825379353213634
0 0.32578125 0.28046875 0.0859375 0.2546875
0 0.05234375 0.36875 0.0953125 0.2
0 0.7015625 0.2734375 0.25625 0.390625
0 0.9390625 0.23984375 0.121875 0.4578125
0 0.42890625 0.30078125 0.1203125 0.3359375
0 0.5625 0.321875 0.184375 0.29375
0 0.62734375 0.25 0.2078125 0.4375
0 0.7390625 0.2390625 0.184375 0.459375
0 0.85078125 0.31171875 0.1765625 0.3140625
0 0.9671875 0.234375 0.065625 0.46875
0 0.35546875 0.67734375 0.0265625 0.3109375
0 0.3296875 0.7421875 0.078125 0.196875
0 0.27237713140457587 0.7442967181149671 0.10344158235511305 0.2047494549975255
0 0.2516104557401245 0.5701941547951269 0.10274067550756794 0.19381195499752568
0 0.65859375 0.603125 0.1390625 0.26875
0 0.5453125 0.60078125 0.134375 0.2640625
0 0.75625 0.56796875 0.109375 0.1984375
0 0.471875 0.49765625 0.071875 0.0578125
0 0.4632314713178281 0.616700662597043 0.0847521391103733 0.18041119629109836
0 0.42959695095976247 0.5826465671650273 0.08515265730897052 0.18666119629109837