0 0.20521531505633006 0.17036181162020853 0.07611518527287435 0.2563270827126577
0 0.575 0.2125 0.071875 0.425
0 0.51640625 0.1890625 0.0546875 0.378125
0 0.74765625 0.0953125 0.0390625 0.190625
0 0.81015625 0.18984375 0.0578125 0.3796875
0 0.91875 0.2078125 0.06875 0.415625
0 0.9654815621533362 0.18462359635699963 0.04290553167023514 0.34840326674922295
0 0.85390625 0.20625 0.0453125 0.4125
0 0.32890625 0.828125 0.0578125 0.34375
0 0.77109375 0.8 0.0921875 0.4
0 0.45625 0.84765625 0.0625 0.3046875
0 0.5421875 0.834375 0.046875 0.33125