0 0.184375 0.0203125 0.0875 0.040625
0 0.19822007064723435 0.12736353113337523 0.05906863342392406 0.1314335384745874
0 0.24296875 0.39140625 0.0890625 0.2765625
0 0.15246590219023207 0.39159964592416524 0.08957522427320104 0.25563493030721923
0 0.09140625 0.04453125 0.0640625 0.0890625
0 0.11252858908456624 0.18257187550574513 0.0790205005042031 0.14927580290255768
0 0.74296875 0.33125 0.1265625 0.396875
0 0.89296875 0.38828125 0.2140625 0.2828125
0 0.8357582754746973 0.24494290073348862 0.11697895843375923 0.290882949544513
0 0.215625 0.76484375 0.275 0.4703125
0 0.12421875 0.83203125 0.1484375 0.3359375
0 0.38125 0.78984375 0.253125 0.4203125
0 0.5546875 0.76484375 0.165625 0.4703125
0 0.8859375 0.6046875 0.184375 0.15