0 0 0.4390625 0 1 0.0164192640625 1 0.020330765625 0.8984588437500001 0.0190368765625 0.8275726999999999 0.025279712500000003 0.5924908296875 0.0351864296875 0.4390625 0 0.4390625
0 0.12404010308755038 0.6925492248542787 0.07970250567874756 0.45346348960843985
0 0.215625 0.5140625 0.05625 0.15
0 0.6143650941590966 0.7736906921669889 0.07151608441327344 0.34208894703379294
0 0.7098412353927988 0.757650792903623 0.05869671022569989 0.23351162252816077
0 0.49839917492221736 0.8013072297979573 0.07028086688067745 0.36072968639013114
0 0.3809701672115796 0.8680408977507564 0.05847852191409721 0.22101162252816078
0 0.36497084050564865 0.6670629057965283 0.046804636362438146 0.17805929802252862
0 0.3901265734595201 0.5669864961416022 0.04178985389503396 0.15898151609154337
0 0.6434191688331374 0.5843878915465703 0.05516260714144483 0.20985560124083724
0 0.33203125 0.821875 0.0265625 0.234375