0 0.021875 0.14375 0.04375 0.121875
0 0.0646294637152085 0.13001005207667832 0.0651912017473613 0.11635225334181776
2 0.01328125 0.0109375 0.0265625 0.021875
0 0.9289793124999999 0.5890625 0.9129931828124999 0.5210160703125 0.8930501249999999 0.41079303749999996 0.8640238828125 0.2868120046875 0.8232322875 0.1353368109375 0.8073446703125 0.06003827187500001 0.7981229328125 0.05204175 0.7682506921875 0.05719335 0.7617111203125 0.062932984375 0.76150329375 0.0715752046875 0.78344310625 0.1770599125 0.8003649625 0.2406686078125 0.8364727406250001 0.41466721875 0.879554021875 0.5890625 0.9289793124999999 0.5890625
0 0.55234375 0.40625 0.1265625 0.365625
0 0.6087652426848962 0.3461606687221338 0.12540657560680585 0.3544886000159083
0 0.11630513281249999 0.5890625 0.1381283015625 0.6589266421875 0.1683941625 0.7783362375 0.23936838749999997 1 0.3044647203125 1 0.3039516375 0.9977530437500001 0.26226435625 0.8522062140625 0.238666825 0.7843380062499999 0.1802375203125 0.5890625 0.11630513281249999 0.5890625
0 0.043402153124999995 0.5890625 0.0758475359375 0.7223096828125 0.1114850734375 0.8219097140624999 0.164180571875 0.9951175875 0.166302603125 1 0.21915902968749998 1 0.2217897453125 0.9953141890625 0.2336985453125 0.9855256156250001 0.2338370984375 0.9797641374999999 0.22517201406249998 0.9329610703125001 0.197860525 0.8472859249999999 0.15294176875 0.6795276046875001 0.12395135156249999 0.5890625 0.043402153124999995 0.5890625
0 0.29609375 0.725 0.1484375 0.271875
0 0.85703125 0.659375 0.2109375 0.140625
0 0.53515625 0.79375 0.0921875 0.409375
0 0.55703125 0.66640625 0.1359375 0.1546875