0 0.05546875 0.22421875 0.1109375 0.4484375
0 0.42734375 0.0234375 0.0703125 0.046875
0 0.5377920057032126 0.2640220361845332 0.09442752775932135 0.18510705417661039
0 0.45935612507382917 0.27984178122213443 0.09925473010335964 0.21181510339082213
0 0.13125 0.909375 0.146875 0.18125
0 0.21171875 0.89296875 0.1390625 0.2140625
0 0.30859375 0.91328125 0.1109375 0.1734375
0 0.01484375 0.853125 0.0296875 0.203125
0 0.059375 0.9703125 0.096875 0.059375
0 0.9296875 0.77265625 0.140625 0.3328125
0 0.8332430104835746 0.7993409520241335 0.13877590992986413 0.3180308701400453
0 0.98828125 0.7875 0.0234375 0.20625
0 0.7510348804725 0.6225922074008168 0.06199695712440043 0.11660961124870503
0 0.7189023033591742 0.6802933914373821 0.0842119185677376 0.1472431811410811
0 0.6946310934569965 0.7998952619917121 0.07976425046142532 0.17507708271265762
0 0.7490274992248076 0.8343644613297583 0.10530447100406111 0.20898120181924557