0 0.259375 0.128125 0.11875 0.25625
0 0.3625 0.178125 0.0875 0.21875
0 0.621875 0.0859375 0.115625 0.171875
0 0.71875 0.09375 0.115625 0.1875
0 0.16328125 0.846875 0.2078125 0.30625
0 0.05546875 0.86328125 0.1109375 0.2734375
0 0.24609375 0.84375 0.1453125 0.3125
0 0.14520243906725075 0.7781065982096959 0.12181189974588627 0.2690421006486231
0 0.359375 0.62890625 0.08125 0.4578125
0 0.52265625 0.7 0.2703125 0.6
0 0.7890625 0.7359375 0.278125 0.528125
0 0.41906414427245287 0.6478234399331605 0.16941348379146143 0.44313416558343127
0 0.5875 0.575 0.175 0.35
0 0.7078125 0.62578125 0.2125 0.4515625
0 0.91328125 0.73046875 0.1734375 0.5390625