0 0.3573213935619125 0.19715475056865367 0.12313992195451692 0.3092715237259962
0 0.10054311470597196 0.22424519669087067 0.08849210344286255 0.3000583498097196
0 0.9221350562499999 0 0.9234961265624999 0.053276390625 0.9396770609375 0.3072332625 0.9443517140625 0.3180808109375 0.9483477671875 0.31921798749999997 0.9818801125000001 0.3170678265625 0.9870523140625 0.301408640625 0.980182190625 0.16947501250000002 0.9802249656249999 0.0579992984375 0.9772501484374999 0 0.9221350562499999 0
0 0.4592970515625 0 0.4625337703125 0.02571805625 0.47106475937500003 0.14779130000000001 0.5056663125 0.407534065625 0.511890896875 0.4796875 0.570282528125 0.4796875 0.56591504375 0.3841630265625 0.5507662625 0.23464588437499997 0.5395835921875001 0.1642989171875 0.5209452640625 0 0.4592970515625 0
0 0.4296875 0 0.4296875 0.367703659375 0.436817890625 0.3975377015625 0.44393323125000006 0.3984748640625 0.47054840000000003 0.38701436093749997 0.4849815234375 0.3693679328125 0.498533603125 0.361531884375 0.49970547343750005 0.3558830953125 0.49952869843750003 0.3085184171875 0.48786559062499996 0.2200879 0.4735051859375 0.0482256109375 0.46706854374999995 0 0.4296875 0
0 0.62421875 0.125 0.1078125 0.25
0 0.3628471302302506 0.9269325034972222 0.024712312521204538 0.08214133794672147
2 0.28664672877897174 0.9582514876798914 0.03655754809323426 0.06390067391627667
2 0.37323899320694204 0.943003172470583 0.023839293283910833 0.05714133794672147
0 0.8291950781249999 0.4796875 0.830833934375 0.5427042578125001 0.8361700781250001 0.6078524640625 0.8406836265625 0.7845263906250001 0.8544125890625001 1 0.9025391953125 1 0.8973696906249999 0.9007250124999999 0.897412465625 0.7892492984375 0.8909301140625001 0.6628644515625 0.877733028125 0.5076485125 0.876924278125 0.4796875 0.8291950781249999 0.4796875
0 0.5423784067239384 0.7617903231551549 0.10746533665263965 0.4412563527754692
0 0.6241790221477006 0.6149100059686801 0.06648812867060609 0.2507931788591925