0 0.25 0.06640625 0.06875 0.1328125
0 0.18203125 0.05234375 0.1265625 0.1046875
0 0.75625 0.18984375 0.303125 0.3796875
0 0.68671875 0.1734375 0.2828125 0.346875
0 0.81796875 0.12109375 0.1640625 0.2421875
0 0.34609375 0.4953125 0.1265625 0.23125
0 0.415625 0.509375 0.10625 0.259375
0 0.27890625 0.52109375 0.1296875 0.2828125
0 0.21186201129854698 0.5510093622589013 0.12349423337045273 0.27763890507947586
0 0.14365690396245628 0.5736953833102935 0.1348680853755436 0.31552085099579197
0 0.07619668395927456 0.5994791225105203 0.14106354137490715 0.31105160580511526
0 0.1046875 0.8703125 0.1375 0.259375
0 0.94140625 0.62578125 0.1171875 0.2921875
0 0.8981524052753208 0.565389320789089 0.12818173337045274 0.2778025961864685
0 0.975 0.6828125 0.05 0.18125
0 0.8305291006126844 0.5380753418404811 0.11172039202736243 0.20538195916315988