0 0.30625 0.31875 0.10625 0.221875
0 0.409375 0.31875 0.1 0.215625
0 0.528125 0.28515625 0.1625 0.2890625
0 0.64296875 0.29296875 0.1546875 0.2734375
0 0.73671875 0.32890625 0.1140625 0.2015625
0 0.7267450429663095 0.15276119711066743 0.09362824852966192 0.1824625747577337
0 0.50234375 0.07890625 0.0984375 0.1578125
0 0.44443383197589004 0.13721723264794888 0.10209584577069997 0.19550887797604233
0 0.66953125 0.084375 0.0890625 0.16875
0 0.38671875 0.25703125 0.0546875 0.2109375
0 0.696609322137809 0.6239084854979404 0.041758132066747146 0.08387225544788172
0 0.6661825949777305 0.8063821319113147 0.06140224672063965 0.1319491225281606
0 0.6794162573476309 0.8344689270838517 0.055813988014212335 0.11443384059717551
0 0.6214499491161735 0.7906914299338432 0.06649918249628843 0.14008940445914586
0 0.5957505862713032 0.7940567305542618 0.06469102103089916 0.13529264381548423
0 0.5487084899347764 0.8091079301859448 0.06280097241038014 0.1289333831718224
2 0.6166761606724197 0.624793278324689 0.05039614767057934 0.07046531930985207
2 0.7051178629564119 0.6366434322796317 0.034279824739800804 0.05999771287323483