0 0.3234375 0.259375 0.0125 0.1375
0 0.36796875 0.209375 0.0765625 0.41875
0 0.540625 0.21953125 0.228125 0.3984375
0 0.8015625 0.2578125 0.234375 0.321875
0 0.4390625 0.24921875 0.140625 0.3390625
0 0.62421875 0.159375 0.1078125 0.31875
0 0.734375 0.209375 0.18125 0.41875
0 0.67265625 0.2875 0.1609375 0.2625
0 0.93515625 0.2453125 0.1296875 0.346875
0 0.14293972545590083 0.556698348575439 0.08775136724704354 0.2258016335443795
0 0.2453125 0.496875 0.0875 0.15625
0 0.42819160068701 0.8915172809453195 0.04564277210332381 0.11997753087881229
0 0.4385380673009151 0.9115115321989606 0.045779164423191784 0.12466503087881228
0 0.3950524917532368 0.8768697592377069 0.042199523356964974 0.10894910266556704
0 0.37536211738005737 0.8829068105704906 0.04550637978345566 0.11529003087881229
0 0.34375 0.896875 0.028125 0.1
2 0.3868799420698059 0.7553357400373771 0.03105142319868044 0.04773881802583091
2 0.4540219779631832 0.754943283452602 0.02117631802583091 0.030278533386094965
2 0.39609375 0.99140625 0.0265625 0.0171875