0 0.0171875 0.12578125 0.034375 0.2171875
2 0.13487860391473117 0.2400922679026408 0.12202154535327167 0.14827496268299925
0 0.65234375 0.1625 0.0890625 0.325
0 0.7546875 0.14921875 0.0875 0.2984375
0 0.8517035719287305 0.14130932256527737 0.0788897106938169 0.20089088534372673
0 0.5742592772517765 0.2203086686028211 0.06021243602799871 0.20692270934118148
0 0.54921875 0.0625 0.0734375 0.125
0 0.5191450632559127 0.19048535594368446 0.06164766669318063 0.19600339067472702
0 0.23828125 0.7921875 0.1609375 0.415625
0 0.13515625 0.7625 0.1546875 0.475
0 0.72109375 0.84453125 0.1140625 0.3109375
0 0.59609375 0.8921875 0.0703125 0.215625
0 0.47109375 0.84765625 0.1171875 0.3046875
0 0.35625 0.89453125 0.075 0.2109375
0 0.33203125 0.85625 0.0265625 0.2875