0 0.3001349120893326 0.120538544071667 0.13847791640826923 0.18888327488562506
0 0.22120887569213793 0.10622016451263919 0.12597791640826922 0.18859233415618065
0 0.0484375 0.1734375 0.096875 0.18125
0 0.8509707828125 0.66875 0.8431663687500001 0.6448175671875 0.8168097515625 0.57669301875 0.7396030375 0.348812084375 0.6945468796875 0.197947540625 0.682704875 0.1874407453125 0.6661573125 0.18803815 0.6329047546875 0.202268153125 0.6164414890625001 0.23029651874999998 0.650455178125 0.2838056140625 0.672868590625 0.3412036765625 0.711199853125 0.45014513437500003 0.7463254828125 0.5698747375 0.781882234375 0.66875 0.8509707828125 0.66875
0 0.7891958671875 0.66875 0.7785922875 0.6391488 0.7268471875 0.470912978125 0.6751380390625 0.3272289640625 0.6249399875 0.2511260265625 0.6236941781249999 0.2441651828125 0.62879889375 0.2344215484375 0.6049946359375 0.161425184375 0.6 0.15951404375 0.6 0.3359549359375 0.6059355328125 0.35192333593749997 0.65153588125 0.5127859031249999 0.6912220375 0.6127738515625001 0.7104656515625 0.66875 0.7891958671875 0.66875
0 0.871875 0.44296875 0.16875 0.4515625
0 0.9221484168696946 0.28603625750253503 0.11007111659283933 0.25686955547083345
0 0.3046875 0.83671875 0.1875 0.3265625
0 0.24453125 0.834375 0.1890625 0.33125
0 0.21328125 0.85703125 0.1046875 0.2859375
0 0.50703125 0.834375 0.1765625 0.33125
0 0.43984375 0.8078125 0.1421875 0.278125
0 0.32729579425987554 0.7890339709334031 0.0708107526208936 0.1311422036472223
0 0.5703125 0.834375 0.059375 0.33125