0 0.5171875 0.37265625 0.04375 0.1421875
0 0.4910686510614813 0.37636825104683974 0.0591846494796016 0.11686149810013902
0 0.60390625 0.0390625 0.0859375 0.078125
0 0.56640625 0.05703125 0.0546875 0.1140625
0 0.74140625 0.39453125 0.1109375 0.2703125
0 0.6546875 0.40546875 0.1 0.2484375
0 0.6418775565339768 0.28193314570784694 0.09959936680159913 0.3222399823325695
0 0.58828125 0.45703125 0.0671875 0.1453125
0 0.7859375 0.47109375 0.078125 0.1171875
0 0.27890625 0.6734375 0.1015625 0.2875
0 0.3365051452957301 0.6974665735195136 0.09615346223361491 0.286266114741389
0 0.16015625 0.91953125 0.1046875 0.1609375
0 0.0828125 0.9640625 0.06875 0.071875
0 0.41640625 0.93203125 0.0609375 0.1359375