0 0.3296875 0.06640625 0.16875 0.1328125
0 0.375 0.1 0.190625 0.2
0 0.528125 0.203125 0.05625 0.39375
0 0.55703125 0.25859375 0.1140625 0.2828125
0 0.64765625 0.2515625 0.2109375 0.296875
0 0.76328125 0.30625 0.1421875 0.1875
0 0.8765625 0.29453125 0.215625 0.2109375
0 0.8640625 0.29765625 0.128125 0.2046875
0 0.07326934713033798 0.7618989366094514 0.05524451089576328 0.07820414558877822
0 0.282742900096545 0.8412416849114083 0.06204081411407199 0.08641716378737563
0 0.1559074359375 1 0.16567531875 0.9698833953125 0.161925775 0.9649252828125 0.1480867703125 0.9639319203125 0.13169139375 0.9703746421874999 0.1224592171875 1 0.1559074359375 1
0 0.0573596265625 1 0.0650298703125 0.9776884453125 0.063961715625 0.9681035828125001 0.055610503125 0.96066605 0.04511198125 0.9626477000000001 0.0383630046875 0.9695874640625 0.0265280359375 1 0.0573596265625 1
0 0.18359375 0.9625 0.0484375 0.075
0 0.2278372427874075 0.9530815484219287 0.043072292826748536 0.08209060919158376
0 0.534375 0.56953125 0.06875 0.3046875
0 0.54296875 0.64453125 0.0859375 0.3328125
0 0.5927952432916106 0.5733172979605033 0.07519637797604233 0.0965932001845701
0 0.6497175966261348 0.6907539242709502 0.1468521287323469 0.3205103639719457
0 0.7323879849937374 0.6756481608527148 0.13794702229572967 0.3043847162236991