0 0.5336120766471777 0.24630876636384302 0.07560475768074629 0.22681856426490726
0 0.56328125 0.05546875 0.0703125 0.1109375
0 0.3765625 0.07265625 0.071875 0.1453125
2 0.3368735845396854 0.2496934937983008 0.05593075256024873 0.07650031551854841
2 0.3231758346102726 0.3241850284380369 0.0861642841302798 0.08673913354437932
2 0.5974169714137407 0.27564927388569044 0.05850972099021767 0.06721624373179384
2 0.5725164109751015 0.36840507521847393 0.05914675782192056 0.07815374373179385
2 0.28671875 0.396875 0.1734375 0.125
0 0.80859375 0.26640625 0.2546875 0.3859375
0 0.39375 0.846875 0.103125 0.30625
0 0.48753519524655575 0.8281437880714554 0.09881401550266702 0.3039266335443795
0 0.576461187354048 0.8278960839939625 0.07140310509226264 0.18146060015828452
0 0.30843225319553325 0.890289750066507 0.07643921558737148 0.21436402837152996
0 0.26488592149844525 0.7675485835317442 0.10741474175455634 0.37125052586424745
0 0.7234375 0.67734375 0.146875 0.4359375
0 0.74765625 0.55859375 0.1203125 0.1984375