0 0.290625 0.08359375 0.165625 0.1671875
0 0.55625 0.28203125 0.075 0.2953125
0 0.596875 0.3359375 0.125 0.30625
0 0.7394032524863908 0.3046875 0.13084936680159914 0.3203125
0 0.7806590162812007 0.2421875 0.12435370533620986 0.315625
0 0.401103921875 1 0.400666240625 0.9982241921874999 0.37942575624999997 0.8879168156249999 0.3489360078125 0.763802534375 0.3063530203125 0.6121335328125 0.2895776484375 0.5367642 0.2802569125 0.5287163109375 0.25042600625 0.5336925828125 0.24394924843750002 0.5393925078125 0.24384203750000003 0.5480310296875001 0.2670252921875 0.65361306875 0.28469927500000003 0.7173019390625 0.322858078125 0.8914606171875 0.35092065781250004 1 0.401103921875 1
0 0.053125 0.84140625 0.10625 0.3171875
0 0.05741518882786654 0.71484375 0.08475121551297526 0.15625
0 0.59609375 0.60859375 0.1484375 0.2390625
0 0.7046875 0.61484375 0.165625 0.2515625
0 0.74921875 0.58046875 0.1171875 0.1828125
0 0.6453125 0.6203125 0.1375 0.2625