2 0.2859375 0.09140625 0.428125 0.1828125
0 0.84921875 0.24140625 0.3015625 0.4828125
0 0.815625 0.17421875 0.24375 0.3484375
0 0.390625 0.65078125 0.121875 0.2234375
0 0.146875 0.596875 0.109375 0.115625
2 0.22015822477740418 0.7455103338887861 0.06974405347041027 0.08572968639013112
2 0.24929370374218224 0.8141292939120293 0.10041489926336578 0.10186813861970415
2 0.46498476969783964 0.6428177505810777 0.06919775025210165 0.07791718639013112
2 0.478125 0.73125 0.04375 0.0875
2 0.484375 0.90703125 0.03125 0.1015625
2 0.27109375 0.90546875 0.2015625 0.1890625
0 0.71796875 0.76953125 0.3859375 0.4609375
0 0.62890625 0.76953125 0.2578125 0.4609375