0 0.5098357888612047 0.1792266616495329 0.059132772978959205 0.09808655575957417
0 0.5944110479605034 0.17546419073726804 0.04154475478036197 0.09043355242559432
0 0.07871739435216059 0.7866415804260676 0.048313991362126704 0.1718110981832289
0 0.03818203192137437 0.8158665658822001 0.07483452344038462 0.27034419303247786
0 0.01875 0.85390625 0.0375 0.2859375
0 0.66875 0.46328125 0.0625 0.0890625
2 0.5685821283130317 0.5007348708928683 0.054966904688076926 0.05733401000193972
2 0.5533063841731278 0.5687354428632999 0.09430880937615385 0.11339256242753404
2 0.730551202187155 0.4914401349776939 0.052042163787375625 0.060203918486670636
2 0.7291376989479524 0.5551677951294147 0.05566781153562221 0.06827151000193972
2 0.7338728685954241 0.6780791366446838 0.051942034237726274 0.058641418486670635
2 0.7360349483296437 0.7485829552811356 0.06105621838316751 0.07959164727484325