0 0.35390625 0.38671875 0.1046875 0.2046875
0 0.15546875 0.415625 0.1046875 0.146875
0 0.4125 0.425 0.084375 0.128125
0 0.6453125 0.17265625 0.053125 0.3453125
0 0.73828125 0.14609375 0.1140625 0.2921875
0 0.7984375 0.17265625 0.090625 0.3453125
0 0.9203125 0.21484375 0.13125 0.4296875
0 0.4234375 0.74453125 0.1625 0.5109375
0 0.03203125 0.74453125 0.0640625 0.5109375
0 0.09501633939367901 0.710113147897722 0.10478169072245196 0.41617827792830403
0 0.19609375 0.61640625 0.0734375 0.2546875
0 0.67265625 0.68046875 0.1078125 0.3828125
0 0.75546875 0.68671875 0.1234375 0.3953125
0 0.7995674793920882 0.6814636889434674 0.07865444804263433 0.3179930834462281
0 0.63359375 0.5796875 0.0296875 0.18125