0 0.26589388970498484 0.22253270819380983 0.12226775595208465 0.18628414772652385
0 0.30715267423386017 0.23655034374546896 0.10631497402109957 0.18132391233702042
0 0.06328125 0.66875 0.1078125 0.1
0 0.078125 0.6953125 0.115625 0.046875
2 0.07521389540496806 0.10813146874711661 0.13228761213660062 0.12871710957707688
2 0.081218968902194 0.39139398213979726 0.12527278763096844 0.11767051542127546
2 0.15525241258179223 0.5295718664736404 0.13195983020561536 0.12402960957707698
2 0.21840834042194857 0.6331429257264057 0.11589778763096845 0.11750687418757337
2 0.2248547183979909 0.5409554257264058 0.10597648441265975 0.10953073295387146
0 0.3182815623493611 0.28993444236549715 0.13956451659574648 0.18814665665497757
0 0.7125 0.115625 0.175 0.23125
0 0.56328125 0.57890625 0.1078125 0.2796875
2 0.83671875 0.0859375 0.1203125 0.171875
2 0.57734375 0.65859375 0.1359375 0.1203125
2 0.55234375 0.0484375 0.0859375 0.096875
0 0.20234375 0.93828125 0.1109375 0.1234375
0 0.30846343797961495 0.9178803900125907 0.09431771857321784 0.1436602711033183
0 0.31171875 0.978125 0.0921875 0.04375
0 0.44765625 0.96171875 0.0796875 0.0765625
0 0.07890625 0.97421875 0.1328125 0.0515625
0 0.703125 0.74921875 0.196875 0.0609375