0 0.3365894797041653 0.358758476887174 0.08078989853730256 0.24664675782192055
0 0.41640625 0.04765625 0.0640625 0.0953125
0 0.55390625 0.2765625 0.1296875 0.446875
0 0.6889860024323367 0.2589683924180758 0.13411727028924414 0.4401839261954198
0 0.7526587646072013 0.32251568195120184 0.1043831314911742 0.3463583314853265
0 0.87734375 0.29765625 0.1453125 0.4046875
0 0.97109375 0.34375 0.0578125 0.3125
0 0.98671875 0.1671875 0.0265625 0.18125
0 0.1125 0.6109375 0.153125 0.221875
0 0.23359375 0.5859375 0.1015625 0.171875
0 0.36015625 0.6265625 0.1484375 0.253125
0 0.3203125 0.553125 0.084375 0.10625
0 0.959375 0.85390625 0.08125 0.2921875
0 0.8609375 0.85546875 0.109375 0.2890625
0 0.7390625 0.90625 0.0875 0.1875
0 0.7456842414752881 0.7303806608339272 0.07333986282348767 0.17753273677523324
0 0.7965688571414449 0.6437382345679203 0.068270533278183 0.15538472099021766
0 0.6879826099808186 0.8745093634082934 0.08506829545304759 0.22348227360693612