0 0.3421875 0.02109375 0.06875 0.0421875
0 0.7453125 0.3515625 0.10625 0.215625
0 0.6796875 0.3265625 0.109375 0.265625
0 0.8125 0.409375 0.0875 0.1
0 0.6090686634989723 0.3168174965027778 0.08582870653952135 0.19224584980971962
0 0.8625 0.41953125 0.08125 0.0796875
0 0.9102637489742358 0.2944053497353575 0.09695720752810466 0.19737901878308034
0 0.03360840707318156 0.6216177430427366 0.06615287650146531 0.20704317885919252
0 0.1274565661607106 0.6536715562748789 0.05078786167271758 0.13622134288963733
0 0.15814815064739102 0.6469612998490882 0.06127437551288217 0.2021646778706092
0 0.20213823117973861 0.658428040457548 0.06946887749004844 0.2118580128515813
0 0.10616649798565261 0.5827833947158919 0.050087524714579425 0.11903384288963732
2 0.04549961752985458 0.8083219055903068 0.05707235376405233 0.09903967787060922
0 0.6072382721687594 0.7646766763505536 0.07897652866891205 0.1389298488211363
0 0.7444053497353574 0.7863858971873497 0.056655859695551314 0.127101010874415
0 0.45336385566685655 0.770166625475701 0.06746602570316255 0.12442167984777566
0 0.8502295854009014 0.8499297909518397 0.08184686068413463 0.13280718281352505