0 0.2828125 0.0171875 0.08125 0.034375
0 0.978125 0.11328125 0.04375 0.1859375
0 0.1616369706807233 0.7613592882521211 0.06363096878180681 0.12567992288667434
0 0.0783234736759482 0.7298973396087105 0.10273316351699649 0.21860790252860857
0 0.18965284327606158 0.7564319563584333 0.0750248257680484 0.1840932001845701
0 0.2334846888295578 0.7559720789682524 0.0760962524470706 0.17013082973421945
2 0.07241575797418438 0.8970545612310804 0.06108632213985139 0.09745479333702498
0 0.94453125 0.62265625 0.1109375 0.2453125
0 0.853125 0.6515625 0.23125 0.303125
0 0.74140625 0.5921875 0.1578125 0.184375
0 0.61328125 0.58515625 0.1078125 0.1703125
0 0.715625 0.565625 0.171875 0.13125
0 0.6609375 0.55546875 0.1625 0.1109375