0 0.2923041093484672 0.29071095038307615 0.057470143429310026 0.0936878155185485
0 0.3452078662882975 0.24394359897115034 0.048095143429310025 0.09341503087881238
0 0.36602101403654413 0.23554006558505547 0.04280686613141409 0.08390363855894431
0 0.2677151195275 0.3093616619824163 0.0560077729789592 0.09520485141192578
0 0.41825534007013576 0.27223007185326165 0.05630816162790726 0.09989235141192587
0 0.723045364747138 0.24062105601814404 0.10584708667404978 0.11848923871722886
2 0.63359375 0.2609375 0.0484375 0.109375
2 0.15083279843115385 0.703724112761204 0.13331075262089379 0.1333246285298145
2 0.2144680945459559 0.8788855856433152 0.12075019586563336 0.1563529515702104
0 0.74296875 0.9671875 0.1484375 0.065625
0 0.94375 0.9328125 0.09375 0.134375