0 0.48018868193943476 0.10171921723583557 0.08092180373891082 0.18594820767745457
0 0.3984375 0.09453125 0.084375 0.1890625
0 0.7375 0.22421875 0.209375 0.4484375
0 0.4324373435571525 0.9276150817182247 0.04389355518880329 0.08699725544788173
0 0.4795430221958169 0.6065431110513197 0.07391294191141178 0.1139639470337929
0 0.32722073775293803 0.7199832621562711 0.04630816016782511 0.07784077673520517
0 0.4073459456363893 0.7405085656266812 0.057222349379944505 0.09880884059717551
0 0.45532150434967755 0.760356525902026 0.040034849379944504 0.09760697351689647
0 0.5271489601585364 0.7763746458322965 0.03716995850815117 0.08031021287323466
0 0.534375 0.9625 0.065625 0.075
0 0.34149857053614296 0.5937485440872562 0.05734074855010753 0.10037134059717552
0 0.64375 0.9140625 0.0875 0.171875
0 0.72421875 0.95625 0.0984375 0.0875