0 0.4453125 0.06875 0.090625 0.1375
0 0.3016711887153445 0.21728995089219066 0.06756142126547413 0.11552644703379293
0 0.17822400608578465 0.1634004903647445 0.08395008035608367 0.16036905347041017
0 0.565625 0.43046875 0.028125 0.0984375
0 0.565625 0.2328125 0.028125 0.090625
0 0.32664173538620817 0.396163349903455 0.06627165665497756 0.13104218639013113
0 0.44392864691244965 0.36535002849991594 0.08176028896022594 0.12432229282674853
0 0.07271789447681765 0.42210386498659214 0.07548301542127547 0.12232275025210164
0 0.03702803611755676 0.2549656414696957 0.06443642126547414 0.11530792574646939
0 0.525942711443516 0.10188274422314221 0.09176258035608367 0.16091535668871887
0 0.553125 0.5640625 0.053125 0.090625
0 0.98125 0.17421875 0.0375 0.1109375
0 0.9112626026772179 0.1798774322027572 0.06408186525911974 0.0949954257464694
0 0.8237762394466932 0.1745400861577001 0.059558006492821745 0.10404264381548423
0 0.1375 0.7078125 0.153125 0.196875
0 0.365625 0.790625 0.184375 0.3625
0 0.26015625 0.70234375 0.1140625 0.1859375
0 0.4859375 0.78359375 0.140625 0.3484375
0 0.53359375 0.6765625 0.0921875 0.134375
0 0.84375 0.8703125 0.215625 0.259375
0 0.75859375 0.94140625 0.1078125 0.1171875