0 0.1125 0.071875 0.084375 0.14375
0 0.58046875 0.2776326820460625 0.0765625 0.3352624706013579
0 0.6625 0.3953125 0.0125 0.175
0 0.66171875 0.2 0.0140625 0.178125
0 0.64765625 0.45703125 0.0421875 0.1046875
0 0.73046875 0.141812447988579 0.0546875 0.09192855042954129
0 0.23203125 0.6971793786758451 0.059375 0.28436171189493054
0 0.375 0.7920304539814728 0.0484375 0.18378850180902226
0 0.49765625 0.8285710623037872 0.0609375 0.27663109905006034
0 0.0375 0.91171875 0.05625 0.1765625
0 0.69765625 0.93828125 0.0515625 0.1234375
0 0.94453125 0.97265625 0.0609375 0.0546875
0 0.77109375 0.7327251322938897 0.0375 0.17384029172311397
2 0.97421875 0.74140625 0.0515625 0.0890625