0 0.41171875 0.28671875 0.1234375 0.3640625
0 0.7948529203125 0 0.7927467921875 0.10004137500000002 0.797106284375 0.354241484375 0.8012770781249999 0.36540031562499997 0.8052212609375001 0.36683494843750003 0.8388628312499999 0.3672259265625 0.844765628125 0.352017784375 0.8440373000000001 0.220073815625 0.8492711015625 0.1090310609375 0.8487545000000001 0 0.7948529203125 0
0 0.5859375 0.05078125 0.053125 0.1015625
0 0.35859375 0.96875 0.0421875 0.0625
0 0.3734375 0.97421875 0.034375 0.0515625
0 0.31640625 0.96171875 0.0421875 0.0765625
0 0.296875 0.97265625 0.040625 0.0546875
0 0.2578125 0.98125 0.04375 0.0375
2 0.2694204600433509 0.8637832109623261 0.029383663111827295 0.04905574905006951
2 0.35012442847331987 0.8525170962209371 0.02286064732681172 0.04422277868534721
0 0.7124306525178964 0.5423257850505205 0.028973410410404198 0.12238414627652779
2 0.8200457314429741 0.5632902888502427 0.03912268415851479 0.05552395459715283