0 0.3246003557692726 0.2330058591968233 0.07209762485506807 0.17533634328594588
2 0.1660545321318509 0.2057898951047851 0.0344386439408634 0.0392443071815924
2 0.21570371682937903 0.2203518439733169 0.056791876063016035 0.06436248184962742
2 0.24059175971207553 0.32416264520298094 0.05758910151720862 0.05499657220870695
2 0.2375 0.38828125 0.1 0.1015625
2 0.347288685615612 0.17581552791292995 0.0532522878817268 0.07839771077238851
2 0.3987072775899231 0.2982308833973201 0.054719193032477874 0.05810339149054773
2 0.4101228807741217 0.36147577196100167 0.058481921820650484 0.06593407220870695
0 0.740625 0.2296875 0.1625 0.41875
0 0.7960127122874511 0.20609390125310512 0.11380611910519214 0.3801692890312198
0 0.5831295592627319 0.7959462207313376 0.10443137698109979 0.3035886083130606
0 0.63671875 0.75703125 0.0453125 0.3015625
0 0.5151925022952097 0.85418142242854 0.07815617728066222 0.2112920240041051
0 0.4289205492607923 0.7452563952029809 0.10978829880175027 0.36921360831306044
0 0.7078125 0.45078125 0.05 0.0234375