0 0.178125 0.05625 0.115625 0.1125
2 0.49453125 0.03125 0.1515625 0.0625
2 0.5375 0.1140625 0.084375 0.1375
2 0.35583028083979623 0.04630259134609123 0.09101588544042354 0.07458515394280311
2 0.4531536909716959 0.36398468573629816 0.08949883723582168 0.08227010818516849
2 0.546875 0.30546875 0.065625 0.0703125
2 0.56796875 0.46015625 0.0234375 0.0765625
0 0.8453125 0.06640625 0.0875 0.1328125
0 0.9296875 0.06171875 0.06875 0.1234375
0 0.2511932986955812 0.6291317114900534 0.05563289734428025 0.1669641015172088
0 0.30193818725926275 0.631236474366931 0.055687439498757915 0.17633910151720872
2 0.2046875 0.52265625 0.059375 0.0265625
0 0.68515625 0.9109375 0.0921875 0.178125
0 0.7640625 0.8796875 0.096875 0.240625
0 0.846875 0.8953125 0.071875 0.209375