0 0.14921875 0.33828125 0.0609375 0.1203125
0 0.08916191071291704 0.4620569599437494 0.101965156344514 0.16017466531583313
0 0.1546875 0.48046875 0.05 0.1578125
0 0.11328125 0.6109375 0.0734375 0.1375
0 0.07208612632798661 0.599342346465879 0.07122299620027786 0.11226484561740727
0 0.1640625 0.6234375 0.03125 0.1125
0 0.12543902393569456 0.17831623845462893 0.06126611474138892 0.08644463939685174
0 0.10434788677722243 0.31057237238486046 0.06820709897381949 0.11667894354388882
0 0.00625 0.55703125 0.0125 0.0890625
0 0.27578125 0.18203125 0.1921875 0.3640625
0 0.8287335569894448 0.34363489943513753 0.2155614097629865 0.48509533581546266
0 0.50390625 0.5609375 0.1671875 0.2375