0 0.23559388987909263 0.2695655217915555 0.13467183135366606 0.2354587521260319
2 0.4640625 0.20703125 0.05 0.1078125
2 0.4609375 0.3609375 0.05625 0.115625
0 0.5734375 0.209375 0.16875 0.41875
0 0.72109375 0.1328125 0.2265625 0.265625
0 0.0859375 0.55546875 0.121875 0.2734375
0 0.0296875 0.54375 0.059375 0.25
0 0.17469584230723276 0.5608439681580132 0.09737040815498563 0.18565019970043756
0 0.23096857436054413 0.5554710708831699 0.09121133636823106 0.18826501666989942
0 0.19375 0.45078125 0.10625 0.0640625
0 0.6484375 0.709375 0.315625 0.58125
0 0.8296875 0.709375 0.29375 0.58125
0 0.9390625 0.56171875 0.121875 0.2859375
0 0.5671875 0.64921875 0.15625 0.4609375
2 0.909375 0.59375 0.18125 0.35