0 0.5828152367122706 0.20054432588413978 0.034248825350089974 0.12611596091032523
0 0.519598716064588 0.34568122482597297 0.024837462682999245 0.122225686364518
0 0.5524833940563155 0.2820014910368305 0.038681786680453814 0.10462359818322878
0 0.9364391286998621 0.16863984801405102 0.06302944804263433 0.31890923879011235
2 0.765625 0.0828125 0.096875 0.165625
2 0.7326328760343621 0.19387831938535785 0.07859880935708982 0.18124974212409226
0 0.8093066534054512 0.7814105281696512 0.052381754694453345 0.20876896424430508
0 0.9214793894016331 0.7441022336199646 0.06635444271163422 0.3363518303053814
0 0.9546875 0.5921875 0.05 0.125
0 0.82421875 0.6046875 0.0484375 0.15
0 0.7681907573997242 0.7425392178681491 0.051091974697634865 0.23207891848667045