0 0.2625 0.01953125 0.078125 0.0390625
0 0.29463214309001196 0.15737959438907242 0.11313366252983137 0.2549459207272058
0 0.4265625 0.0859375 0.065625 0.16875
0 0.2301158788219883 0.16856622069951932 0.08235023531769166 0.1626187183831675
0 0.21796875 0.025 0.0671875 0.05
0 0.5171875 0.17578125 0.115625 0.3515625
0 0.18046875 0.55859375 0.1640625 0.3796875
0 0.7119778850272414 0.6201985718715385 0.06941789578060834 0.21942992288667423
0 0.7939898643490769 0.5977042057401245 0.08693934367091245 0.3280434592838688
0 0.8686431079389362 0.5686291725821324 0.05004715756743252 0.17145349784053163
0 0.95546875 0.56484375 0.0890625 0.3484375
0 0.98203125 0.57421875 0.0359375 0.2171875
0 0.7523652905277594 0.5956701388058315 0.06901978949430206 0.2443297933370249
2 0.9331423713783902 0.8599062122185295 0.07976889081820956 0.14064358883351816