2 0.4279371658975502 0.3546875 0.06393632535009015 0.1234375
0 0.03046875 0.08359375 0.0421875 0.1671875
0 0.0140625 0.1328125 0.028125 0.265625
0 0.4950257632479585 0.22890625 0.04547832137172545 0.2828125
0 0.659375 0.1515625 0.065625 0.303125
0 0.77421875 0.1453125 0.0640625 0.290625
0 0.8734375 0.109375 0.0625 0.21875
0 0.3901313672820024 0.6578125 0.05543402936027153 0.1984375
0 0.47086429396086543 0.56796875 0.05792268268618095 0.14375
0 0.27421875 0.9125 0.0328125 0.175
0 0.4468257152689574 0.75390625 0.04829314401654479 0.121875
0 0.4703125 0.89140625 0.046875 0.2171875
0 0.44296875 0.89453125 0.0484375 0.2109375
0 0.91953125 0.471875 0.0234375 0.10625