0 0.13828125 0.12890625 0.0890625 0.2578125
0 0.0390625 0.1484375 0.078125 0.296875
2 0.16796875 0.04921875 0.0546875 0.0984375
2 0.24911542002479115 0.4256808200972639 0.04705814437666671 0.07711046360606985
0 0.19375 0.12890625 0.0875 0.2578125
0 0.8828724421875 0.6296875 0.8701698499999999 0.5141215953125 0.86321448125 0.41401040624999996 0.8323185453124999 0.1286110203125 0.82507085 0.0327256515625 0.8192847953125 0.0234712 0.7908585515625 0.021935123437500002 0.78031463125 0.0257216140625 0.777270403125 0.0400015421875 0.8029548640625 0.341283315625 0.833502403125 0.6296875 0.8828724421875 0.6296875
0 0.5078125 0.37890625 0.121875 0.5015625
0 0.6006272879003121 0.2990990494190995 0.1019340144363893 0.42304370181924555
0 0.20859375 0.97109375 0.0859375 0.0578125
0 0.8502858796874999 0.6296875 0.8681221140625001 0.7913762890625 0.8732932718749999 0.8020878109374999 0.87733544375 0.8031087078124999 0.91071108125 0.7999827875000001 0.9151463812500001 0.7841730953124999 0.90215295 0.6524393609375 0.9011037125 0.6296875 0.8502858796874999 0.6296875
0 0.4390625 0.6296875 0.4390625 0.9018254078125001 0.43950954218750005 0.9043063859375 0.45219048125 0.9996828859375 0.4524171234375 1 0.5040385828125 1 0.5060693046875 0.9974356249999999 0.5075309359375 0.9763065171875001 0.4985696 0.8791821656250001 0.47649388125 0.7301058171875 0.46205898437500004 0.6600842453125 0.45718702968749997 0.6296875 0.4390625 0.6296875
0 0.53671875 0.690625 0.1078125 0.121875