0 0.35546875 0.346875 0.1671875 0.165625
0 0.890625 0.35859375 0.071875 0.1421875
0 0.978125 0.37421875 0.04375 0.1109375
0 0.9875 0.35078125 0.025 0.1578125
0 0.9369086503189591 0.3476705492607923 0.05577125212603189 0.13182382697140155
0 0.07890625 0.83046875 0.1453125 0.3390625
0 0.14921875 0.87265625 0.1265625 0.2546875
0 0.2640625 0.83203125 0.1875 0.3359375
0 0.38515625 0.86484375 0.1265625 0.2703125
0 0.46953125 0.821875 0.0984375 0.35625
0 0.34357375425206377 0.6923131116883263 0.07477634364130097 0.13647937606301594
0 0.872766273047995 0.6770389269907982 0.08705294515850959 0.19180460485118864
0 0.94609375 0.9546875 0.0515625 0.090625
0 0.96796875 0.953125 0.0546875 0.09375
0 0.84765625 0.959375 0.0640625 0.08125
0 0.86953125 0.95625 0.0515625 0.0875
2 0.7542395425928325 0.651066745168208 0.044929604851188645 0.0750636439408634