0 0.09191147701423592 0.06624662093867686 0.05516158510611113 0.09121486188449897
0 0.16970916869361102 0.08577215312176359 0.07151393692972227 0.12355746832111639
0 0.25297561037298594 0.10568009755766647 0.05516158510611113 0.09121486188449897
0 0.06863436512263861 0.2258183628929052 0.05094686379145843 0.1111995799535137
0 0.03125 0.365625 0.0625 0.146875
0 0.1194493698722913 0.36240035509923507 0.07514808320625015 0.14565098960843983
0 0.1849834508943399 0.3708955521330279 0.049784407294444576 0.12827781930985208
0 0.23238512775607595 0.38516550176471076 0.03746624525034736 0.1352162341605581
0 0.0765625 0.50078125 0.04375 0.1171875
0 0.03392683111895782 0.5066641713069939 0.050765025835555644 0.1033870799535137
0 0.13984375 0.5046875 0.0296875 0.109375
0 0.24528778410059004 0.2342585656266812 0.047567290653194406 0.10004355866619026
0 0.01640625 0.0734375 0.0328125 0.078125
0 0.0171875 0.2109375 0.034375 0.109375
0 0.2175387649145481 0.5187210469372479 0.028271776785486223 0.07529493094224957
0 0.24904333805281204 0.5099687598104825 0.039100174011944586 0.07137225544788173
0 0.8358420085493747 0.17392771698373402 0.07140875341847241 0.3201046863901311
2 0.9561006103729859 0.15103615622385674 0.06348453780340294 0.18071440445914594
2 0.67890625 0.06640625 0.1015625 0.1328125
2 0.6329170303008679 0.1511300833077085 0.08376067021222236 0.18057229282674853
2 0.671875 0.51640625 0.103125 0.0859375
0 0.19227254008451364 0.8482828607992182 0.07369599240055572 0.2173074683211163
0 0.7109375 0.84140625 0.071875 0.3171875
0 0.6225373490707288 0.8048117302252858 0.07035539969500029 0.3418704257464693
0 0.78359375 0.89765625 0.0640625 0.2046875
0 0.8525723008180901 0.7050841538780682 0.06595622758291686 0.21988616510280767