0 0.08359375 0.0484375 0.0421875 0.096875
0 0.13671875 0.075 0.0578125 0.15
0 0.18924102928072975 0.13657393940863383 0.0398635733609078 0.20618609818322894
0 0.01640625 0.0546875 0.0328125 0.109375
0 0.6238512919319122 0.23083386456326416 0.05877830004772502 0.3560266015172086
0 0.7406120779360483 0.20986727350703713 0.0586692120464523 0.34665160151720864
0 0.8361063912715029 0.20202256472274377 0.05096470536281679 0.22114141848667046
0 0.753125 0.0546875 0.040625 0.109375
0 0.159375 0.77265625 0.103125 0.3859375
0 0.078125 0.7109375 0.10625 0.2625
0 0.27578125 0.64765625 0.0484375 0.1359375
0 0.65703125 0.90390625 0.0671875 0.1921875
0 0.7859375 0.94453125 0.046875 0.1109375
0 0.91015625 0.9203125 0.0671875 0.159375
0 0.88046875 0.9234375 0.0328125 0.153125
0 0.7727807826225475 0.8910055742656414 0.04449652936027153 0.20188123545613249