0 0.041371451206222966 0.09030233943118952 0.06319995764913067 0.12504846680652104
0 0.13728391490547764 0.20064968881113393 0.0537522347764936 0.11183807178554268
0 0.02578125 0.23515625 0.0515625 0.1078125
0 0.725 0.01875 0.090625 0.0375
0 0.509375 0.12734375 0.059375 0.1703125
0 0.72734375 0.23203125 0.1015625 0.1140625
0 0.40625 0.67265625 0.146875 0.3484375
0 0.46484375 0.7 0.0296875 0.225
0 0.2947600716195319 0.6461253643262987 0.14413283684303818 0.34514932448483526
0 0.16755722218526586 0.6606945819580123 0.11070219242562418 0.23641294191141177
0 0.2007868369412341 0.4664243637015989 0.09007152985783762 0.1801862526992924
0 0.2620601593463328 0.39453863092303837 0.08370335518980258 0.15940015601864027
0 0.46171875 0.50625 0.0359375 0.184375
0 0.12421576746300156 0.5933761047785292 0.10752265027114652 0.22680114357108572
0 0.76953125 0.6015625 0.2578125 0.625
0 0.5 0.49140625 0.040625 0.4046875
0 0.5453125 0.4734375 0.13125 0.36875