0 0.05078125 0.48984375 0.04453125 0.2609375
0 0.284375 0.16875 0.0265625 0.23203125
0 0.715625 0.496875 0.0765625 0.21171875
2 0.040625 0.71484375 0.059375 0.0765625
2 0.04375 0.7984375 0.034375 0.07109375
2 0.26953125 0.2296875 0.03984375 0.07890625
2 0.29609375 0.36328125 0.05 0.078125
2 0.40625 0.29765625 0.046875 0.071875
2 0.3125 0.41640625 0.05703125 0.075
2 0.22421875 0.7125 0.10390625 0.1234375
2 0.2515625 0.77734375 0.04375 0.0671875
2 0.2875 0.59609375 0.05859375 0.07890625
2 0.45625 0.6296875 0.04375 0.08359375
2 0.96015625 0.51875 0.053125 0.09140625
2 0.91796875 0.66953125 0.04921875 0.10625
2 0.17890625 0.91484375 0.0515625 0.10390625
2 0.72578125 0.9640625 0.05078125 0.0640625