0 0.09609375 0.14375 0.1765625 0.2875
0 0.2375 0.12421875 0.16875 0.2484375
0 0.28828125 0.084375 0.1390625 0.16875
0 0.065625 0.16171875 0.13125 0.3234375
0 0.04375 0.15234375 0.0875 0.1953125
0 0.56796875 0.00859375 0.0359375 0.0171875
0 0.4203125 0.73515625 0.21875 0.4921875
0 0.140625 0.78828125 0.28125 0.4234375
0 0.0734375 0.775 0.146875 0.45
0 0.1484375 0.79921875 0.19375 0.4015625
0 0.1884868810982999 0.6710196703989592 0.13631860545773672 0.2830315852552504
0 0.6869778850272413 0.6489333084586001 0.11963621960192583 0.22604460085908257
0 0.6029111000810532 0.6431580212580418 0.12370728949430206 0.2465208751693421
0 0.7530009913135476 0.6204121607880208 0.1396233879227255 0.25358974672063966
0 0.830708614349077 0.6241712466090981 0.11814649420903187 0.2275252137039529