0 0.30625 0.375 0.08125 0.22109375
0 0.47421875 0.3546875 0.03515625 0.12421875
2 0.6140625 0.45625 0.1359375 0.09765625
2 0.6671875 0.58828125 0.12890625 0.10546875
2 0.446875 0.27578125 0.078125 0.05390625
2 0.56875 0.2609375 0.07421875 0.0625
2 0.3421875 0.20234375 0.09921875 0.05703125
2 0.44921875 0.16875 0.078125 0.04921875
2 0.5578125 0.1921875 0.07421875 0.05078125
2 0.4703125 0.4703125 0.08359375 0.0546875
2 0.51796875 0.80703125 0.08046875 0.0625
2 0.625 0.7734375 0.0703125 0.053125
2 0.64765625 0.93828125 0.07890625 0.05859375