0 0.37197931453608024 0.21814288474417562 0.11212518216314944 0.2235386858759707
0 0.415625 0.10078125 0.109375 0.2015625
0 0.47734375 0.0640625 0.0453125 0.128125
0 0.5644204653566284 0.14887250771393304 0.11269202199532416 0.1486477800317721
0 0.525 0.3578125 0.05 0.115625
0 0.8456517676456468 0.42245646347870147 0.07609074855010753 0.09807503571381489
0 0.7583023651514914 0.24014456980936744 0.07706125269929238 0.09028980925276535
0 0.609375 0.4625 0.0875 0.034375
0 0.696875 0.421875 0.1 0.115625
0 0.9303209203402947 0.3216285746806314 0.09564623195336815 0.1296250446422687
0 0.6502395661864654 0.14580996307166433 0.1167642153566284 0.1612023271096728
0 0.44375 0.5484375 0.1125 0.1375
0 0.36796875 0.540625 0.1359375 0.121875
0 0.2875 0.52890625 0.109375 0.0984375
0 0.7843161390209155 0.8817610998411395 0.050475441911411775 0.11011138555165907
0 0.762346050638633 0.860240655847494 0.05767263527271584 0.12272047970746058
0 0.7256748448297743 0.871832720782302 0.059235135272715844 0.12274775324641088
0 0.70714998777616 0.8854548900191812 0.05899833693238978 0.11962275324641088
0 0.6785047695197465 0.920375360798188 0.05935353444287905 0.12431025324641087
0 0.6929896315477382 0.7089060267886564 0.036696361827499045 0.07242047077900686
2 0.6435942054078735 0.7590520771129681 0.03695647095570589 0.055260244317957154
2 0.7953125 0.978125 0.040625 0.04375
2 0.815625 0.9859375 0.040625 0.028125
2 0.7142968691001836 0.7320026075517772 0.030469672615379827 0.05202615016215582