0 0.43887954441188076 0.43011476614881905 0.16987473718559976 0.3380117591180557
0 0.5708670320545911 0.4855809033072912 0.16225323817418308 0.3425174211621528
0 0.6364601985564938 0.48483471447770776 0.13569605536065765 0.26540940729444457
0 0.37647504490617234 0.42922571979604135 0.16024506920082224 0.3315435535709724
0 0.3660468808757275 0.4169802929343053 0.11082870653952134 0.1914627610179167
0 0.44453125 0.8796875 0.2109375 0.240625
0 0.53515625 0.85703125 0.1671875 0.1953125
0 0.590625 0.86484375 0.165625 0.2109375
0 0.60625 0.8796875 0.171875 0.240625
0 0.70234375 0.8796875 0.2328125 0.240625
0 0.82109375 0.88359375 0.1671875 0.2328125
0 0.91015625 0.8796875 0.1796875 0.240625
0 0.90546875 0.87578125 0.1484375 0.2328125