0 0.0953125 0.12734375 0.190625 0.2546875
0 0.08729882942967766 0.18487434557092453 0.10274067550756776 0.19699116013203694
2 0.11953125 0.27109375 0.1359375 0.0765625
0 0.50390625 0.1546875 0.2421875 0.309375
0 0.31328125 0.1375 0.0671875 0.275
0 0.04140625 0.3203125 0.0328125 0.021875
0 0.13633231647286764 0.3342510460420359 0.03707849784053181 0.04519492280870363
0 0.49921875 0.38671875 0.1140625 0.1546875
0 0.4473153770856392 0.54607993689949 0.13609339605020362 0.2325376808672221
0 0.5740979225821323 0.5414593703586101 0.18196470542635748 0.3422052067862033
0 0.6887216270856392 0.5672002470787951 0.18609100092285064 0.3581036088597219
0 0.7850261281653734 0.5968378118762486 0.1397190437984502 0.24062358294074054
0 0.78828125 0.39765625 0.1078125 0.1765625
0 0.559375 0.34140625 0.1 0.0640625
0 0.40351411474713805 0.4817543052783327 0.12046839605020362 0.23117067049962933