0 0.14921875 0.14375 0.1265625 0.2875
0 0.20165211355262666 0.16691905763388973 0.11760400329870535 0.2923815725731479
0 0.2328125 0.3921875 0.075 0.115625
0 0.15833270790492354 0.8243788260600006 0.10770015439406197 0.21982306738935162
0 0.2625 0.8375 0.134375 0.325
0 0.288819492940371 0.6516556426008805 0.07605769780928676 0.1500382476909258
0 0.31171875 0.85234375 0.0359375 0.2953125
0 0.34921875 0.78046875 0.0390625 0.4390625
0 0.4086653285171792 0.7675526276151395 0.1492297395086517 0.4151546912348145
0 0.46171875 0.8296875 0.1671875 0.340625
0 0.5921875 0.81171875 0.184375 0.3765625
0 0.71015625 0.85625 0.1234375 0.2875
0 0.82578125 0.83515625 0.1890625 0.3296875
0 0.8095254833734596 0.8369029096128718 0.11042800079142286 0.3135730673893516