0 0.3015625 0.4 0.075 0.165625
0 0.30703125 0.51328125 0.0640625 0.1546875
0 0.1681719326328551 0.25894935421488247 0.08762055113509035 0.18986732878371626
0 0.95390625 0.30078125 0.0921875 0.6015625
0 0.63359375 0.4359375 0.2515625 0.6875
0 0.5128338218379623 0.39610667431665564 0.21860491314450403 0.7174187481379732
0 0.6643514573896214 0.36094192390237084 0.13458092045139997 0.4652697431755744
0 0.7177509671288542 0.2133070986333112 0.07588421022569994 0.23303513192686937
0 0.96015625 0.3484375 0.0796875 0.525
0 0.24453125 0.871875 0.1203125 0.184375
0 0.08515625 0.8828125 0.1359375 0.20625
0 0.51640625 0.88984375 0.2578125 0.2203125
0 0.6875 0.91875 0.240625 0.1625
0 0.84375 0.890625 0.15625 0.21875
0 0.79140625 0.92421875 0.1453125 0.1515625