0 0.42421875 0.0484375 0.0859375 0.096875
0 0.6663456933075477 0.23732201806172445 0.04544778397749969 0.12696248933799978
0 0.6840314793112976 0.25864303473104255 0.04687358294074055 0.12541817067154531
0 0.62578125 0.2390625 0.0328125 0.128125
0 0.61484375 0.25703125 0.0109375 0.1328125
0 0.6449374594245844 0.061894756723406455 0.03150286116879606 0.0924602200031817
2 0.655972704240788 0.06984361672499731 0.03249943317629622 0.05032726400381797
2 0.6609375 0.38359375 0.0375 0.0328125
2 0.6796875 0.3875 0.034375 0.025
0 0.32421875 0.44765625 0.0828125 0.0953125
0 0.41015625 0.4546875 0.0859375 0.109375
0 0.06813909651236187 0.7165357087046347 0.07036987153638866 0.1085215720082724
0 0.4364407457111582 0.7974617287555414 0.09367067049962934 0.10723179201145391
0 0.1141953073510658 0.851583418045816 0.07980366013203684 0.0914613413430903
0 0.0421875 0.5828125 0.084375 0.128125
2 0.3002687998581953 0.7896208620703149 0.1373427580585183 0.08900905068427178
0 0.7527110032040287 0.6747663793761799 0.13169409962342504 0.4526351986791813
0 0.84765625 0.5671875 0.0953125 0.334375