0 0.28046875 0.08828125 0.0890625 0.1765625
0 0.38008539227611476 0.16709934608711538 0.058566999803608154 0.133392293337025
0 0.1108132175098838 0.1398404434016233 0.055487451599006296 0.14100453423772627
0 0.4166177899149825 0.1967775516703564 0.06641586123992678 0.14014294108527156
0 0.3625 0.41328125 0.103125 0.2109375
0 0.28984375 0.4625 0.0578125 0.1125
0 0.2453125 0.4765625 0.05625 0.084375
0 0.7179315703125 0 0.7166274125000001 0.008181596874999999 0.690520453125 0.1293614078125 0.66875 0.2724673109375 0.66875 0.5053214359375 0.670841728125 0.5058818734375 0.683900346875 0.496453971875 0.6921665609375001 0.476365625 0.7152231578125 0.38031297343750003 0.7426841203125 0.2309115328125 0.751708425 0.15977464218749998 0.7791443703125001 0 0.7179315703125 0
0 0.86640625 0.1375 0.1296875 0.275
0 0.9671875 0.05625 0.065625 0.1125
0 0.23359375 0.553125 0.0671875 0.06875
0 0.2131791725267357 0.6753810178940555 0.06357266237139499 0.18838018198597287
0 0.14937574776050483 0.6349550794296777 0.0634817587805987 0.17275518198597287
0 0.1375 0.5453125 0.053125 0.053125
0 0.09057291950167361 0.6746474375415271 0.05089085518980259 0.15632914558877822
2 0.10369404645608604 0.9697899568198587 0.033094301131468204 0.0505402205426357
0 0.7296875 0.74375 0.121875 0.440625
0 0.84765625 0.615625 0.0796875 0.19375