0 0.0171875 0.19921875 0.034375 0.1296875
0 0.08004660343913175 0.21861747139558804 0.07333101006798622 0.13050566000954503
2 0.1 0.3828125 0.2 0.1875
2 0.271875 0.45859375 0.11875 0.1421875
0 0.6066350196642007 0.40306410204486154 0.09219141926229187 0.20258065467854483
0 0.8693895928024646 0.3951810660804963 0.0763482137152085 0.19302384134309064
0 0.6215203629384372 0.13285159937936158 0.07129703780340294 0.17734429734245402
0 0.89462990140743 0.18369867341658708 0.08147212480937505 0.21182838534372675
2 0.8144533985576384 0.1030566534054513 0.07859908510611113 0.08839088534372692
0 0.26953125 0.76484375 0.2015625 0.4703125
0 0.0296875 0.73515625 0.059375 0.2640625
0 0.5827488036678815 0.7615402207192703 0.09233688962701407 0.208830654678545
0 0.6597106939604858 0.7788464467297699 0.11359625341847242 0.31686133068109024
0 0.7338742393633328 0.8156566507399511 0.12013719414791701 0.3294340560152721
0 0.7901417699485412 0.84913276941436 0.08932099240055572 0.21348179201145392
0 0.8774255240326039 0.7587174020925866 0.1102894154625698 0.30901246801399934
0 0.9000285290665969 0.6941191000954502 0.11177918028020847 0.3059056493475449