0 0.4375 0.06171875 0.134375 0.1234375
0 0.2453125 0.11796875 0.13125 0.2359375
2 0.6121418952941872 0.11020123842746599 0.10193642126547395 0.11734579117755653
0 0.23482009578394977 0.9363098488556674 0.04110801542127547 0.11969073874123311
0 0.25007294886820475 0.913823579577336 0.040753459414921166 0.09937823874123311
0 0.28591499148187866 0.9215953092192702 0.04886596834337489 0.11706638648947969
2 0.1910036862863031 0.8028872771410125 0.024201159090609537 0.04525194324473976
2 0.2594769967568844 0.778336662550758 0.02099433847375849 0.040364184145441226
0 0.778125 0.66953125 0.15625 0.6203125
0 0.9 0.5625 0.1375 0.40625
0 0.77421875 0.6234375 0.1484375 0.528125