0 0.11796875 0.1078125 0.2359375 0.215625
0 0.9640625 0.0359375 0.071875 0.071875
0 0.14577304451244916 0.6138808234681025 0.14702473137238706 0.22894378916129607
0 0.4390625 0.52578125 0.1375 0.1734375
0 0.4984375 0.53359375 0.0625 0.1890625
0 0.03515625 0.8109375 0.0703125 0.14375
0 0.5046875 0.89296875 0.05 0.2140625
0 0.60625 0.7265625 0.153125 0.546875
0 0.66796875 0.79609375 0.2453125 0.4078125
0 0.81640625 0.7765625 0.3203125 0.446875
0 0.92734375 0.79921875 0.1453125 0.4015625
0 0.8538794890531334 0.6565906930247237 0.1957646102127601 0.345134717153796