0 0.38841626054397 0.20115537461672145 0.08260710049533806 0.19730224687674217
0 0.4523396734880862 0.29846619097169585 0.07217902274507892 0.20817611436318478
0 0.478123077540862 0.3319190404059619 0.06425520678164424 0.17220225292686617
0 0.3392681310982999 0.1694013805686497 0.0558219685684687 0.12529089149054773
0 0.25279343775610974 0.2925939617543472 0.04473891935425698 0.12210225897699054
0 0.2957043757216164 0.2407678413410383 0.05487589867609248 0.10497839149054773
0 0.35723666875000004 0.46875 0.3323746328125 0.6224044234375 0.29129277187499997 0.9148866953125001 0.2951254203125 0.9281277265625001 0.33140583125 0.935662684375 0.34016185 0.9231514453125002 0.3562001640625 0.8055321484375 0.3736323625 0.7077374671875 0.4066273234375 0.46875 0.35723666875000004 0.46875
0 0.0546875 0.6546875 0.109375 0.371875
0 0.14375 0.60390625 0.125 0.2703125
0 0.790058584375 0.46875 0.7884412671875001 0.512678746875 0.7802716125 0.624632765625 0.7646540546875 0.74512163125 0.747925803125 1 0.8107998343749999 1 0.811343846875 0.9964796359375001 0.8258566515625001 0.8478198156250001 0.828702140625 0.7769415484375 0.8486108546875 0.54384273125 0.8579529109375 0.46875 0.790058584375 0.46875
0 0.7234959125 0.46875 0.7221009374999999 0.4944529703125 0.6996078140625 0.6557552156249999 0.6963814890625 0.7601500171875 0.6820202656250001 0.9382187953125001 0.6834341125 0.9762364609375 0.6902379375 0.97878633125 0.7186297296874999 0.97379351875 0.736273390625 0.9599869484374999 0.7511233453124999 0.9555023484374999 0.7533846328125 0.9502879531249999 0.7625214890625001 0.9042601828125001 0.768449815625 0.8157136093750001 0.788129275 0.64554028125 0.7978104078125 0.497462534375 0.7923484140625 0.46875 0.7234959125 0.46875
0 0.9390625 0.6953125 0.121875 0.453125