0 0.03209218878220525 0.2517941012540442 0.05681236859279988 0.17097627344521663
0 0.0390625 0.378125 0.078125 0.08125
0 0.1875 0.3828125 0.06875 0.071875
0 0.18249409539827627 0.21568177034493904 0.05336903361182799 0.16292697510489074
0 0.27820052623463515 0.28991402096963903 0.07875103558899425 0.17419636182749904
0 0.590625 0.1140625 0.059375 0.228125
0 0.79921875 0.10546875 0.0453125 0.2109375
0 0.91953125 0.14921875 0.0765625 0.2984375
0 0.23828125 0.534375 0.0734375 0.23125
0 0.1828125 0.50234375 0.0625 0.1671875
0 0.4671875 0.50234375 0.065625 0.1671875
0 1 0.41875 0.9639316421874999 0.41875 0.963921934375 0.4218868578125 0.96736305 0.48722383437500005 0.966737846875 0.663020728125 0.9755318453124999 0.9170689968750001 0.9798908390625 0.9284761046875001 0.98385368125 0.9301609921875 1 0.9313844859374999 1 0.41875
0 0.5 0.41875 0.5 0.532724571875 0.50511344375 0.5860458640624999 0.5100936171875 0.7082680859374999 0.5371393296875 0.9706223875 0.538813290625 1 0.5988016890625 1 0.5980657796875 0.9558547109374999 0.5872662484375 0.8054995140625 0.5781300109374999 0.7341925828125 0.5584095640625 0.49870076562500004 0.5547480703125001 0.41875 0.5 0.41875
0 0.66484375 0.628125 0.0640625 0.41875
0 0.753125 0.5359375 0.046875 0.234375