0 0.09296875 0.175 0.1203125 0.328125
0 0.5140625 0.28984375 0.06875 0.0984375
0 0.59296875 0.26953125 0.0609375 0.1390625
0 0.628125 0.31328125 0.06875 0.0515625
0 0.7502685257267989 0.27334085171358213 0.054632505699983194 0.11257441106992569
0 0.78984375 0.30078125 0.0734375 0.0765625
0 0.0234375 0.42421875 0.046875 0.1703125
0 0.13268826977471412 0.47706605243922146 0.05103761213660043 0.12803571996293323
0 0.17658038140711163 0.49896089980681635 0.0592871547112475 0.1345585384745874
0 0.17665216517968227 0.7331275686812904 0.09127983590559854 0.23543155771188112
0 0.1168676197550437 0.7929093072485449 0.049912154711247506 0.13423115626060228
0 0.07769050527265468 0.8267833102437698 0.049693633423924057 0.1311061562606021
0 0.7388725677972428 0.7407019333872623 0.06081680372251182 0.1564335384745874
0 0.7674670973824395 0.6453720752198943 0.07171074505632147 0.11161211179556503
2 0.8191449398212004 0.8359177188666248 0.07893338317182241 0.05886905771188111
2 0.7958056288092216 0.7888963859270002 0.05574725544788173 0.03935516587924912
2 0.7279836163239745 0.549231196001134 0.06018338317182241 0.05821429328391083