0 0.0625 0.13203125 0.125 0.2453125
0 0.06626907142433462 0.35551858039401035 0.0866932508107789 0.13723440637700665
0 0.94921875 0.26171875 0.1015625 0.5234375
0 0.6765625 0.32890625 0.33125 0.4203125
0 0.5890625 0.315625 0.240625 0.446875
0 0.71875 0.340625 0.18125 0.396875
0 0.7413785710205929 0.15275767130347032 0.08066143912238158 0.14940685775648763
0 0.153125 0.76953125 0.30625 0.4609375
0 0.3859375 0.74296875 0.165625 0.4078125
0 0.06171875 0.73046875 0.1234375 0.3828125
0 0.05390625 0.6015625 0.1078125 0.125
0 0.1765625 0.63828125 0.225 0.1984375
0 0.3015625 0.6984375 0.2 0.31875
0 0.7353520823813833 0.9192757066950061 0.05983074188232518 0.1186548247398008
0 0.7466753660666032 0.8960053030315331 0.05640573295387128 0.10130355042954128
0 0.7825174086802772 0.8886531484635489 0.056542100648623264 0.10911605042954128
2 0.667463378648505 0.7930274672104558 0.030342064934808198 0.03905585594746519
2 0.7302537049473989 0.7615860374277009 0.024010244317957154 0.034040807326946164
2 0.8125 0.9875 0.0375 0.025
2 0.834375 0.99375 0.03125 0.0125