0 0.396875 0.0875 0.13125 0.175
0 0.23747425997197688 0.5043616232281278 0.16728812407456103 0.3403617890180882
0 0.5826718 0.6796875 0.544333146875 0.5523536 0.5184178796875 0.4783433546875 0.5 0.4342954921875 0.5 0.679139734375 0.5001820625 0.6796875 0.5826718 0.6796875
0 0.6473569609375 0.6796875 0.634303853125 0.635534534375 0.5991047 0.539428546875 0.531956259375 0.31173181875 0.517694628125 0.3010429390625 0.506379578125 0.3011251640625 0.5 0.3047060703125 0.5 0.42907140312500003 0.5054507687500001 0.44278372812500005 0.5423967578125 0.5600766140625 0.566337725 0.6475918546874999 0.5771047484375 0.6796875 0.6473569609375 0.6796875
0 1 0.15997911874999998 0.9921656109375 0.12607101406250001 0.982069259375 0.1128464578125 0.9548865984375 0.1170911875 0.9446575593750002 0.1241035703125 0.9449690171875 0.13412293125000002 0.9680596093750001 0.2362913421875 1 0.36065474218750004 1 0.15997911874999998
0 0.73359375 0.48203125 0.1609375 0.3953125
0 0.7956517676456467 0.411305630786267 0.15194838922140796 0.40468510487264703
0 0.29863454843750004 0.6796875 0.30060115625 0.6883423390625001 0.31866791875 0.751424375 0.35788888281250003 0.9243978359374999 0.3780746921875 1 0.4308395984375 1 0.41450204843750005 0.9182047234375 0.38325149375 0.79508874375 0.3498153421875 0.6796875 0.29863454843750004 0.6796875
0 0.06875 0.87578125 0.1375 0.2484375
0 0.12564599834961482 0.8377284284422284 0.10975904399064848 0.29935725478036196
0 0.8178532781250001 1 0.8119644703125001 0.9768002062499999 0.7684455390625 0.8265993578125 0.7512101984375 0.7517551421875 0.7418315359375001 0.7441143546875 0.711994796875 0.75049833125 0.7055437625 0.756519640625 0.7054868953125 0.7651926140625 0.72931413125 0.8700538015625 0.7473808921874999 0.9331358375000001 0.76254204375 1 0.8178532781250001 1
0 0.5625 0.92734375 0.11875 0.1453125