0 0.25078125 0.05859375 0.1421875 0.1171875
0 0.353125 0.05546875 0.15 0.1109375
0 0.59765625 0.3953125 0.0953125 0.321875
0 0.6705046832269094 0.3602886561570828 0.11315853590354194 0.23219686379145835
0 0.57421875 0.20703125 0.0484375 0.1796875
0 0.32731772767982603 0.7789893304533677 0.1193734747331252 0.29793096656500007
0 0.24786596381211767 0.804263393807986 0.08910278685347243 0.20508884992374998
0 0.3914354322769789 0.7415789430105552 0.06290265634451409 0.15294446846486115
0 0.46171875 0.75234375 0.1203125 0.2453125
0 0.20658700038124964 0.7997583849742707 0.12882120991548635 0.3012741721120834
2 0.4046875 0.978125 0.078125 0.04375
0 0.69375 0.965625 0.1125 0.06875
0 0.80390625 0.921875 0.1453125 0.15625
0 0.7265748049021525 0.8357673137358678 0.0799083183886113 0.1455320119678473
0 0.9078125 0.9125 0.14375 0.175
0 0.8028113030022915 0.780896669359201 0.10076633225631966 0.1694422906531945
0 0.943473323803854 0.7424855199485412 0.06827983415618064 0.11558993882958343
0 0.96796875 0.828125 0.0640625 0.175
0 0.9734375 0.94765625 0.053125 0.1046875