0 0.01953125 0.08984375 0.0390625 0.1640625
0 0.08359375 0.084375 0.0921875 0.16875
0 0.7796875 0.10078125 0.13125 0.2015625
0 0.63203125 0.109375 0.1484375 0.21875
0 0.9015625 0.11796875 0.14375 0.2359375
0 0.578125 0.340625 0.11875 0.25625
0 0.0515625 0.88671875 0.103125 0.2265625
0 0.30625 0.89453125 0.115625 0.2109375
0 0.2109375 0.909375 0.15625 0.18125
0 0.77652912110068 0.7037461269544124 0.09328743344863373 0.18959883118569748
0 0.8622752026791609 0.8704291120254937 0.10120901775758914 0.20839428298109547
0 0.94140625 0.7875 0.1171875 0.340625
0 0.9859375 0.54453125 0.028125 0.1515625
0 0.7881746273471959 0.8505484040817756 0.09024424668035032 0.2036431504675381