0 0.084375 0.084375 0.084375 0.16875
0 0.028125 0.059375 0.05625 0.11875
0 0.09503124608284833 0.14118096523381993 0.09711371642535305 0.23797408510611112
0 0.58828125 0.125 0.1265625 0.25
0 0.64296875 0.13984375 0.1296875 0.2796875
0 0.7234375 0.21484375 0.140625 0.1296875
0 0.4734375 0.1875 0.109375 0.184375
0 0.6765625 0.2421875 0.128125 0.075
0 0.0953125 0.32578125 0.103125 0.0921875
0 0.18203125 0.34765625 0.1078125 0.1359375
0 0.2 0.38828125 0.1125 0.2171875
0 0.02578125 0.646875 0.0515625 0.1625
0 0.12070901980884452 0.5563526767648269 0.08506470258518864 0.17213087955902787
0 0.4921875 0.3265625 0.13125 0.09375
0 0.7296875 0.325 0.115625 0.090625
0 0.8078125 0.3359375 0.103125 0.1125
0 0.4296875 0.54609375 0.021875 0.2171875