0 0.35 0.18671875 0.04921875 0.084375
0 0.42890625 0.196875 0.0625 0.115625
0 0.5125 0.20703125 0.04921875 0.084375
0 0.3390625 0.34921875 0.04375 0.10546875
0 0.30703125 0.49375 0.0625 0.1390625
0 0.39921875 0.47890625 0.06484375 0.1375
0 0.465625 0.47890625 0.03984375 0.12265625
0 0.51328125 0.4875 0.028125 0.13125
0 0.36875 0.6328125 0.034375 0.1328125
0 0.32578125 0.6328125 0.04375 0.0984375
0 0.43125 0.62578125 0.0203125 0.11875
0 0.51484375 0.3359375 0.03984375 0.09453125
0 0.26953125 0.20546875 0.04140625 0.07265625
0 0.2828125 0.34140625 0.0375 0.1046875
0 0.23359375 0.6234375 0.034375 0.07734375
0 0.50859375 0.62265625 0.02265625 0.07265625
0 0.5390625 0.61015625 0.03359375 0.0671875