0 0.3640625 0.1203125 0.05 0.240625
0 0.8442802233636163 0.08848897845920245 0.049446529857837616 0.1762586631118273
2 0.6905875968019872 0.04280621018452528 0.02990566861791084 0.03922909997176518
2 0.7381393076725716 0.06355062066551671 0.048801114363184794 0.0653211631118273
2 0.7484722987937771 0.16809390749721959 0.051862481849627426 0.05456567363517095
2 0.7363581181738137 0.23538011803468076 0.0865556444174139 0.1112552893919517
2 0.875 0.03671875 0.04375 0.0734375
2 0.9095052475641131 0.16106119944942013 0.04875566256778665 0.0575086631118273
2 0.9114808380213886 0.2244789573419279 0.050372704722264315 0.06697466837349922
2 0.9232672448336385 0.3478632494353026 0.04875566256778665 0.0575086631118273
2 0.9283269286750558 0.4184942678511542 0.055123837235821684 0.07818518415851479
0 0.08828125 0.78203125 0.0984375 0.1046875
0 0.1890625 0.78671875 0.084375 0.1140625
0 0.02734375 0.81171875 0.0546875 0.1640625
0 0.22109375 0.86484375 0.0765625 0.2703125
2 0.8130468414392341 0.7785826284168501 0.03618293969514959 0.044280621018452496
2 0.8350667663036608 0.8892772047110921 0.06771474082661796 0.09453822625188976
2 0.63125 0.75625 0.05 0.053125