0 0.0140625 0.09453125 0.028125 0.1484375
0 0.21763151033643702 0.3860672159581064 0.06264882213985139 0.0982491684661948
0 0.16094745680090713 0.1984497394033232 0.06550100362819719 0.09067346680652096
0 0.06942962331312845 0.38163093753851224 0.0838343413771451 0.1247883576783142
0 0.0681473431912436 0.09816724210261556 0.0944643065307547 0.16143625269929235
0 0.23125 0.55078125 0.0375 0.1765625
0 0.5496255548014742 0.3589434118182103 0.1738690974524128 0.38250761452679144
0 0.7040526491738441 0.42948994231239696 0.13502485226173633 0.3857976352727158
0 0.31015625 0.49765625 0.1203125 0.2828125
0 0.084375 0.81953125 0.16875 0.3609375
0 0.6015625 0.92109375 0.05 0.1578125
0 0.6390625 0.89296875 0.05625 0.2140625
0 0.6627158318433162 0.8607506750909575 0.03805061542376222 0.15248638257342356
0 0.6970734736759482 0.8800800929324526 0.05418653611233459 0.21292697510489073
0 0.496875 0.903125 0.071875 0.19375
0 0.5434946058899334 0.9011174111935103 0.061344271684364314 0.19476897095570572
0 0.5712450944571879 0.8433990769604129 0.036140885842182155 0.09779888257342347