0 0.1859375 0.0921875 0.115625 0.184375
2 0.096875 0.16171875 0.19375 0.3234375
0 0.868722777354167 0.22537172998515365 0.12079050436840291 0.29504026232447184
0 0.7798960134864588 0.1973076057203227 0.12202569604777799 0.2810596494796016
0 0.9546875 0.25390625 0.090625 0.1828125
0 0.7059863880114935 0.20669921585165946 0.09346297853284735 0.19373006784239594
0 0.984375 0.25703125 0.03125 0.1859375
0 0.9578125 0.08828125 0.084375 0.1765625
0 0.05234375 0.6421875 0.1046875 0.484375
0 0.16640625 0.67734375 0.2640625 0.5546875
0 0.2796875 0.5640625 0.11875 0.328125
0 0.13125 0.5421875 0.190625 0.284375
0 0.6454086446610072 0.625865295679843 0.11744729882131963 0.2855014880142123
0 0.815322407578785 0.6847091084338561 0.08550500816812523 0.18707063206674707
0 0.94296875 0.69140625 0.1140625 0.2796875
0 0.54765625 0.8921875 0.1078125 0.215625