0 0.431381044645564 0.19092106031739528 0.0670353157455871 0.17180357123840287
0 0.5484375 0.16015625 0.0625 0.1515625
0 0.32734375 0.24765625 0.0703125 0.0828125
0 0.8984375 0.1265625 0.203125 0.253125
0 0.20390625 0.3359375 0.0484375 0.09375
2 0.3037953814944695 0.3642338865897912 0.04155230032431163 0.05407055737069451
2 0.05391101502082898 0.9003032456315969 0.033876168019063256 0.06170121941479181
2 0.14437237378712692 0.9075689253431246 0.029025026785361164 0.05221711664125017
0 0.13457067979348136 0.8874928146857982 0.040753459414921075 0.09778418977951393
0 0.80078125 0.33515625 0.0984375 0.0921875
0 0.85 0.33984375 0.1 0.1015625
0 0.9296875 0.3515625 0.0875 0.125
0 0.7609343567409983 0.6136175971708677 0.0607853157455871 0.17165810087368066
2 0.7512571680223585 0.4521897879003121 0.05265344155801355 0.06370013050895836
2 0.8091690795486001 0.4898885032310412 0.04971935633066593 0.07456489532659738