0 0.1484375 0.28515625 0.115625 0.3078125
2 0.20546875 0.359375 0.0671875 0.159375
0 0.07421875 0.38515625 0.0671875 0.1078125
2 0.03203125 0.13671875 0.0640625 0.1765625
0 0.6019570758430144 0.17678223126045217 0.07879054358305311 0.3003363432859459
0 0.5203628684176614 0.17005498740877228 0.06118814431968733 0.20496021077238852
0 0.6745969003486466 0.16626288777811463 0.042066803722511814 0.1548693071815924
0 0.7428716529465367 0.1846361587571576 0.08115071907742095 0.2894170240041051
0 0.48359375 0.15 0.0890625 0.3
2 0.57734375 0.40625 0.0640625 0.065625
0 0.05866054391202926 0.6518049571581512 0.08355445323797905 0.3237920240041051
2 0.571875 0.4546875 0.05 0.03125