0 0.4015625 0.8828125 0.15625 0.234375
0 0.44140625 0.859375 0.0765625 0.28125
0 0.24779155188092633 0.8281123989848643 0.11387610174504044 0.20484579117755647
0 0.2796875 0.946875 0.115625 0.10625
0 0.340625 0.95 0.109375 0.1
0 0.61015625 0.58828125 0.1078125 0.1765625
0 0.678125 0.56640625 0.0875 0.1328125
0 0.74921875 0.540625 0.0796875 0.08125
0 0.8109375 0.51953125 0.08125 0.0390625
0 0.95546875 0.86796875 0.0890625 0.1796875
0 0.8515625 0.91015625 0.1 0.1796875
0 0.8148415661308844 0.9294467566352885 0.056304266343644827 0.11560401603912887
0 0.790625 0.953125 0.0625 0.09375
0 0.765625 0.9734375 0.08125 0.053125