0 0.2765625 0.26015625 0.084375 0.3578125
0 0.46171875 0.246875 0.2765625 0.384375
0 0.64609375 0.33671875 0.2265625 0.2046875
0 0.78984375 0.3171875 0.3328125 0.24375
0 0.7243294177377646 0.26623799016191896 0.17592373970819625 0.306380554047586
0 0.2875 0.63125 0.0625 0.33125
0 0.2527882260824127 0.6476417983933764 0.11514599425012406 0.20984639077317446
0 0.27265625 0.50234375 0.0921875 0.1265625
0 0.21042551183810748 0.5956355630926975 0.11281821970431682 0.20038950361804453
0 0.5387583216805677 0.6568906456344143 0.1512427330402364 0.27085913387576943
0 0.46640625 0.7609375 0.2640625 0.478125
2 0.38046875 0.703125 0.1234375 0.228125
2 0.53515625 0.9203125 0.1328125 0.159375
2 0.43993792653175623 0.723279206240721 0.1386473960668953 0.17373847241038015