0 0.12461559800056703 0.08793115114168255 0.061324424316769564 0.1476045118629981
0 0.13115331859647233 0.2527430676435854 0.037232159888799285 0.12789950692008228
0 0.16726446650437204 0.5250982287082808 0.0407986479078998 0.2747108399238879
0 0.07682051577873264 0.5115715809894582 0.04628475607526781 0.25309050790866544
0 0.029749531303011258 0.12700292140763764 0.03934029691210785 0.1435881739162766
0 0.044290724857074526 0.2969652529285685 0.05496529691210785 0.14422484387822054
0 0.7875 0.08671875 0.078125 0.1734375
0 0.7340402495366638 0.27544437448711784 0.052857159888799285 0.12853617688202626
0 0.12109375 0.84453125 0.1390625 0.3109375
0 0.03125 0.81796875 0.0625 0.2578125
0 0.2828125 0.84453125 0.121875 0.3109375
0 0.4625 0.7890625 0.078125 0.2
0 0.40546875 0.7921875 0.0765625 0.20625
0 0.646875 0.965625 0.05625 0.06875
0 0.70390625 0.9609375 0.0421875 0.078125