0 0.11875 0.0734375 0.23125 0.146875
0 0.37734375 0.08203125 0.1890625 0.1640625
0 0.3937848156860654 0.32875525058107763 0.1659077753125615 0.2874885643661734
0 0.2273314364673052 0.2941884984873907 0.12960319836338668 0.18519409084927715
0 0.8166493636944816 0.17672322099588098 0.09004962504240907 0.16840007475773372
2 0.6561211245790728 0.44639050083317927 0.07860120435383652 0.10836951089576327
0 0.04375 0.83828125 0.0875 0.3234375
0 0.1328125 0.84375 0.15625 0.3125
0 0.31484375 0.8765625 0.1890625 0.246875
0 0.43359375 0.93203125 0.1265625 0.1359375
0 0.209375 0.85390625 0.16875 0.2921875
0 0.51328125 0.91640625 0.0921875 0.1671875
0 0.8160268926352401 0.7938232396853143 0.11208831614940155 0.17461722376899794