0 0.4546875 0.05390625 0.059375 0.1078125
0 0.56953125 0.05703125 0.0609375 0.1140625
0 0.49140625 0.35625 0.0953125 0.146875
0 0.47265625 0.3671875 0.0953125 0.125
2 0.42783680964605375 0.10671106493151288 0.051954956584775405 0.06806025324641088
2 0.5415977812745238 0.044666806813838014 0.037574207838416564 0.05687729139585782
0 0.675 0.21484375 0.15 0.4296875
0 0.76171875 0.21484375 0.3234375 0.4296875
0 0.8921875 0.21484375 0.215625 0.4296875
0 0.96328125 0.1953125 0.0734375 0.390625
0 0.39609375 0.75703125 0.3203125 0.4859375
0 0.30234375 0.83515625 0.1765625 0.3296875
0 0.51171875 0.78671875 0.1765625 0.4265625
0 0.6890625 0.634375 0.178125 0.378125
0 0.8347844577719095 0.7009735336819247 0.17501934969606622 0.37942622158978556