0 0.33874596869031703 0.10738400745155485 0.08579314401654478 0.12531301779449713
0 0.0328125 0.1 0.065625 0.109375
0 0.29385273404677054 0.2757864975657231 0.11769767202418073 0.18283635771838505
2 0.3785180880410436 0.23706884885831742 0.06497156667727229 0.08073534684397003
2 0.08503916601686286 0.04706995406806343 0.077217028007636 0.05936968281352515
2 0.35689817405313384 0.3252081774134988 0.05274428668045381 0.10366351087441501
0 0.77578125 0.21953125 0.2578125 0.4390625
0 0.70078125 0.17421875 0.2421875 0.3484375
0 0.88125 0.13671875 0.128125 0.2734375
0 0.331868834375 1 0.38318405312500003 0.7775373140624999 0.40776836406249994 0.6847318390625 0.40492572656250003 0.6683315796875 0.3788045921875 0.6584138359375 0.36646546406249997 0.6593341109375 0.3620988546875 0.66809775625 0.3352678453125 0.767399278125 0.2798519796875 1 0.331868834375 1
0 0.0359375 0.83125 0.071875 0.3375
0 0.1 0.81484375 0.140625 0.3703125
0 0.57890625 0.646875 0.0984375 0.3125
0 0.7140754220639517 0.6497757317855734 0.10983172270845251 0.3121418557412186