0 0.15505341129148623 0.1899657600652243 0.21688370884855884 0.3648272106938169
0 0.04296875 0.2265625 0.0859375 0.340625
0 0.4054900589341214 0.1834997734324954 0.16684516749222986 0.32988858935390813
0 0.47258551364885104 0.20304066144172225 0.18683233581302972 0.3566692653564535
0 0.2203125 0.9046875 0.10625 0.190625
0 0.328125 0.840625 0.153125 0.31875
0 0.4365473521524771 0.8033021014083147 0.14780406906380658 0.32342041335136285
0 0.5278465942945942 0.7730975280871778 0.10989734656639669 0.21366360534690845
0 0.4328125 0.66171875 0.090625 0.0859375
0 0.19296875 0.6765625 0.0953125 0.115625
0 0.17308847374026431 0.7369209340388163 0.09786822745980875 0.19009883601209038
0 0.35 0.6421875 0.0875 0.046875
0 0.16119628763678442 0.8915538900381801 0.10982457195929074 0.21210110534690846
0 0.54765625 0.71171875 0.0953125 0.1859375
0 0.95234375 0.69453125 0.0953125 0.1515625