0 0.2619842593837959 0.2386906015364511 0.09091268430531088 0.18863313206674698
2 0.14344229929788757 0.22157062132415498 0.047516809135968605 0.07416784034363318
0 0.86953125 0.06328125 0.0796875 0.1265625
0 0.9703125 0.04375 0.059375 0.0875
0 0.97890625 0.05234375 0.0421875 0.1046875
2 0.971875 0.1890625 0.05625 0.1
0 0.10625 0.8265625 0.2125 0.346875
0 0.2 0.734375 0.378125 0.53125
0 0.39921875 0.77109375 0.3046875 0.4578125
0 0.49140625 0.734375 0.1359375 0.53125
0 0.47734375 0.78671875 0.1640625 0.4265625
0 0.6825058390625001 0.7013089499999999 0.6648269078125 0.700497253125 0.657817271875 0.7062349937500001 0.658891009375 0.7204845125 0.687631434375 0.8116571828125 0.7155426921875 0.9160126796875 0.7267329453125 0.945600184375 0.7359059671875 0.952448171875 0.7437939796874999 0.952320671875 0.7562518546875 0.9382639796875001 0.7136860390625 0.8006730734375 0.691678859375 0.708156934375 0.6825058390625001 0.7013089499999999
0 0.8227892296875 0.9923247765625 0.7551963953125 0.735821259375 0.7138744078125 0.73603070625 0.7745451015625 0.9633807812499999 0.8227892296875 0.9923247765625
0 0.84375 0.9078125 0.103125 0.184375
0 0.9078125 0.91328125 0.0875 0.1734375
0 0.899241919944674 0.8278936216628392 0.10142081637205784 0.27021068068726617
0 0.9234296924459111 0.783973203300045 0.10273765490666839 0.2656050678423959
0 0.6362096534363305 0.8039803296010408 0.08910452283992143 0.1838637449116174
0 0.9535365943003619 0.7489331399802048 0.09115834577069996 0.19332063206674716