0 0.03046875 0.3015625 0.0609375 0.271875
0 0.01484375 0.41953125 0.0296875 0.2515625
0 0.45080709863331114 0.3611155247887159 0.12221756410140791 0.2447695989738195
2 0.22265625 0.5515625 0.0859375 0.034375
2 0.15071289929526496 0.3018437486688198 0.08227315260503384 0.09088087955902786
0 0.6390625 0.1796875 0.11875 0.33125
0 0.6834333540099947 0.18402373508545194 0.0898031703877141 0.21904224715020842
0 0.621875 0.46484375 0.084375 0.1140625
0 0.2609375 0.86015625 0.271875 0.2796875
0 0.14296875 0.8359375 0.2546875 0.328125
0 0.31875 0.871875 0.146875 0.25625
0 0.3718430365988179 0.825353330640799 0.09380146567298446 0.2378649823325695
0 0.7882236695591447 0.7604712534184724 0.09369014970954978 0.20196384992375016
0 0.8873696449520387 0.7612180954584378 0.12251297063538331 0.3181343637914583
0 0.9609375 0.78828125 0.078125 0.3265625