0 0.015625 0.23984375 0.03125 0.2078125
0 0.034375 0.1328125 0.06875 0.153125
0 0.06523209011649041 0.31974584972742887 0.07858974672063965 0.1318918091359686
0 0.14140625 0.39296875 0.1078125 0.1140625
0 0.1171875 0.39921875 0.1125 0.1015625
0 0.698938704770383 0.21246453697341572 0.10464099163225704 0.21272572930778502
0 0.80078125 0.16015625 0.1515625 0.3203125
0 0.9046875 0.1390625 0.14375 0.278125
0 0.96953125 0.0984375 0.0609375 0.196875
0 0.63515625 0.0640625 0.0953125 0.128125
0 0.6292093809350934 0.1753086957252714 0.09666471732199752 0.20919129353213642
0 0.0140625 0.73203125 0.028125 0.2140625
0 0.07909319425493341 0.672679419944674 0.15173507688750743 0.3382922953411587
0 0.18383160391130032 0.6345386900710619 0.1434312539567289 0.3285078595655099
0 0.27211949796383517 0.6095597014910227 0.10801165309764613 0.21757700361804452
0 0.1640625 0.49375 0.0875 0.0875
0 0.07890625 0.471875 0.0859375 0.04375
0 0.6762225828125 1 0.6303413984375 0.8730159375 0.5818918671875 0.7221738921874999 0.56983949375 0.7117194609374999 0.5533552515625 0.7124143859375 0.5205346171875 0.726861134375 0.5047758546875001 0.7550302515625 0.539939334375 0.8084261265624999 0.56362806875 0.865784865625 0.6043924515625 0.9746762546875001 0.6123927453125 1 0.6762225828125 1
0 0.615777053125 1 0.6110928453125 0.9858100515625001 0.5561780734374999 0.8421988078125 0.5043501765625 0.7662675312499999 0.5029453125 0.7593028640625 0.5078069625 0.7495139078124999 0.5 0.7271200546875 0.5 0.9073343578124999 0.528358521875 1 0.615777053125 1
0 0.76015625 0.86171875 0.1859375 0.2765625
0 0.813112990161919 0.8207583938253922 0.12814044662978255 0.3043333751693421