0 0.17890625 0.28671875 0.0828125 0.1046875
0 0.04765625 0.1875 0.0953125 0.25625
0 0.5684172150932613 0.19082575220731285 0.08925846302712266 0.14223227360693613
0 0.7022615940748087 0.16280570997276378 0.06665542093374803 0.12845819994353036
0 0.43326794134515084 0.2499137839185183 0.07750191567207612 0.12753273677523325
0 0.8304243914298552 0.18428513879901942 0.09201944198043535 0.13616428413027998
2 0.2109375 0.7265625 0.05625 0.13125
0 0.290625 0.7671875 0.103125 0.465625
0 0.51328125 0.75078125 0.2921875 0.4984375
0 0.8046875 0.74296875 0.3 0.5140625
0 0.38984375 0.8125 0.1828125 0.375
0 0.5635884180205634 0.6671453285015547 0.18468987329635259 0.41718604195220055
0 0.953125 0.71640625 0.09375 0.4703125
0 0.8578125 0.7046875 0.246875 0.590625