0 0.0359375 0.115625 0.071875 0.23125
0 0.50546875 0.33984375 0.0890625 0.2265625
2 0.02890625 0.178125 0.0578125 0.0875
2 0.08577967461013895 0.3023489756830558 0.06820565467854492 0.08906380642076392
2 0.17823135128900205 0.21463272976711836 0.06344542934436319 0.0827047036472223
2 0.11413139393700292 0.350678026119896 0.07443747334499946 0.08764677678548623
2 0.09609375 0.60703125 0.1328125 0.0453125
2 0.13156269991250405 0.5316013710096531 0.07761701734563572 0.0924070119678472
2 0.30352860658023123 0.5277893060395142 0.06357269867918128 0.09364220364722228
0 0.9453125 0.1859375 0.109375 0.3125
0 0.8684183572565491 0.23623627925402815 0.08657494135899882 0.19102634992375017
0 0.8350984219446389 0.07760550845246561 0.06717041335136278 0.13433993882958345
0 0.8226245992600487 0.20938218531420177 0.08186926002545336 0.18935474715020853
0 0.86328125 0.053125 0.0734375 0.10625
0 0.47109375 0.953125 0.1203125 0.09375
0 0.51953125 0.9296875 0.0609375 0.140625
0 0.30546875 0.92578125 0.0984375 0.1484375
0 0.94140625 0.68984375 0.0953125 0.1203125
0 0.7403131806174568 0.8801823817432293 0.11976924936345315 0.22460256933854178