0 0.11328125 0.1578125 0.1578125 0.315625
0 0.37890625 0.15078125 0.1421875 0.3015625
2 0.02265625 0.1890625 0.0453125 0.19375
0 0.21532002058805605 0.2781870404115894 0.15341773211346865 0.5539236412698415
0 0.6281796299365505 0.2411538170911765 0.02939981252120454 0.08295220234403847
0 0.6227902694069297 0.42315478871354645 0.048278787293461 0.13249112739018115
0 0.636517952709374 0.4575100023163518 0.04342759618646852 0.1275032387412331
0 0.5779862008952754 0.41819598087855214 0.04499009618646852 0.12760336829088245
0 0.5525323331092606 0.4292231184477659 0.04989585099579195 0.13415375693983017
0 0.5056945386442234 0.4557145697120701 0.045262914698122714 0.13541586829088245
2 0.5498735806621898 0.2633978593484672 0.03828373920022683 0.0694904796419344
2 0.6380457032575281 0.25461553979328055 0.02345734736759475 0.04671431369509058
2 0.5959971348306918 0.5752074444813575 0.0379563569862416 0.0601154796419344
2 0.575 0.64609375 0.0375 0.0265625
2 0.6148389040679856 0.5990559546603903 0.03472222958157989 0.056790220542635696
0 0.11775052830778635 0.7955445211332579 0.080932574586922 0.2639809592838687
0 0.159375 0.8296875 0.140625 0.340625
0 0.2609375 0.84609375 0.140625 0.3078125
0 0.3078125 0.8890625 0.1125 0.221875
0 0.01484375 0.84765625 0.0296875 0.1890625
0 0.7138889845605394 0.8323424167220363 0.05759922359113005 0.13152940468807692
0 0.5518602105139223 0.8114057603359164 0.06826390507947586 0.12441781153562222
0 0.836012010421255 0.8989012561738632 0.07278771397248321 0.1200307001845701