0 0.2484375 0.0859375 0.11875 0.171875
2 0.409375 0.0265625 0.075 0.053125
0 0.4757412700906777 0.1247306053212891 0.08630222135581711 0.16906301779449712
0 0.23020259810626786 0.2295149699225753 0.0849760786919079 0.18931185079830257
0 0.96484375 0.2234375 0.0703125 0.2375
0 0.8765625 0.3375 0.06875 0.084375
0 0.12939188673613317 0.743329483231267 0.11651698002863506 0.21558519072219048
0 0.2376583727323151 0.7196293394667773 0.15231012404517977 0.33886086463846715
0 0.1481129727084526 0.5402827376798914 0.08136018268618095 0.14699701680591398
0 0.3405561060629971 0.7043001112156071 0.15074762404517977 0.3387971976422728
0 0.22011469470081657 0.4869932530029306 0.10350790268936265 0.17132585475263545
0 0.35793232069540776 0.4527840321661342 0.07007723734881743 0.11686384783255317
0 0.4042447940404072 0.5405678750557715 0.09729426535645339 0.17419618676785795
0 0.43677712539781516 0.7191531314815622 0.11660788669636232 0.22339769072219068
0 0.4852777127227702 0.6594398918616855 0.11664424936345305 0.2265226907221905
0 0.5765625 0.76328125 0.034375 0.2078125
0 0.6327259720719057 0.764667266843095 0.13003513470717998 0.3035945266917457
0 0.721943013407042 0.7815775356261753 0.14119081070972522 0.32279019566510636
0 0.7996140274108601 0.8128540519377978 0.10387152936027136 0.20257585475263545
0 0.8444169027291334 0.7037947283255322 0.1283453653723619 0.29259335969555134
0 0.8452521493873156 0.6413583953217266 0.13490444804263432 0.31941052768032885
0 0.8673538687141796 0.5946253167665454 0.10559766136218052 0.21670202174882985