0 0.046875 0.28046875 0.09375 0.3765625
0 0.13828125 0.34140625 0.1203125 0.2546875
0 0.846875 0.234375 0.1375 0.46875
0 0.81640625 0.26484375 0.0984375 0.4078125
0 0.43122908195418397 0.6675623748930469 0.07133284404836146 0.35937930810555185
0 0.36015625 0.8875 0.0828125 0.225
0 0.2015625 0.928125 0.071875 0.14375
0 0.2733256752864567 0.6680246395753553 0.08563170138445227 0.3803467795695045
0 0.8401779153007741 0.576695472288013 0.04198860001590834 0.11907963978475226
0 0.9513966786282746 0.6248676066960819 0.04996473201781733 0.13350601282028157
0 0.93046875 0.9109375 0.0453125 0.178125
0 0.971875 0.9171875 0.05625 0.165625
0 0.7328125 0.8953125 0.0625 0.209375
0 0.703125 0.9 0.0625 0.2
0 0.8625 0.915625 0.059375 0.16875
2 0.91875 0.51484375 0.08125 0.0921875
2 0.7904500879615017 0.6181530721641785 0.042914753341817755 0.06446491439185813
2 0.9218909919637289 0.6078598891610706 0.030323846674090403 0.05607021753501122