0 0.378125 0.3 0.146875 0.259375
2 0.11328125 0.096875 0.2265625 0.19375
0 0.959375 0.1734375 0.08125 0.340625
0 0.97890625 0.203125 0.0421875 0.35625
0 0.5578125 0.31640625 0.103125 0.2265625
0 0.51328125 0.36953125 0.0890625 0.1203125
0 0.01328125 0.63203125 0.0265625 0.1078125
0 0.07600585308242262 0.6310900069604909 0.059789899263365955 0.09902736188449897
0 0.16194335308242264 0.6370993423618863 0.06647694183801285 0.10571440445914596
0 0.6078125 0.97109375 0.04375 0.0578125
0 0.62265625 0.975 0.0453125 0.05
0 0.57734375 0.96484375 0.0421875 0.0703125
0 0.55625 0.96484375 0.04375 0.0703125
0 0.51953125 0.9703125 0.0484375 0.059375
0 0.6796875 0.44453125 0.0375 0.0296875
2 0.7625 0.446875 0.03125 0.034375
2 0.5701122240979741 0.8566038231682498 0.030168101240837242 0.053419930942249394
2 0.6381902347416359 0.8597941611675353 0.02984031930985189 0.0487324309422494