0 0.422690955042777 0.32742567636357933 0.11991726955740667 0.4126435551888033
2 0.4836387254951383 0.2878079919253448 0.09218608294074038 0.13115675684847722
0 0.5796875 0.1828125 0.040625 0.196875
0 0.6530038801605549 0.16938526557105424 0.06843409905777734 0.30319677759440167
0 0.7297618697929623 0.15968022407920546 0.03949030989648108 0.1675193867226084
0 0.815298828605416 0.17935502926800875 0.08509391875620302 0.33394987012586885
0 0.8590194343075919 0.19120475644749196 0.0673022430727773 0.21929537427505358
0 0.58984375 0.1453125 0.0609375 0.203125
0 0.7621511621118044 0.4500567703449391 0.07933476842611106 0.10845296265733602
0 0.509742734375 1 0.4954801171875 0.8821362765625 0.4714184640625 0.7261223125 0.46385298593749996 0.6496080937500001 0.455505325 0.6396965625 0.42502380781250004 0.637593059375 0.4178398890625 0.6415882296875 0.4166742890625 0.6498884984375 0.42695532031249994 0.7570011109375 0.43685153593750004 0.8224665359374999 0.45372787499999995 0.9991308984374999 0.45384369687500004 1 0.509742734375 1
0 0.06354318437499999 1 0.03455829375 0.8407950171875 0.01224388125 0.6862100078125 0.0019549484375 0.6734770265625001 0 0.6731061171875 0 0.9983070703125 0.0002358984375 1 0.06354318437499999 1
0 0.14921875 0.86328125 0.0984375 0.2734375
0 0.228125 0.85078125 0.06875 0.2984375
0 0.6515057718749999 0.6 0.677155653125 0.658085603125 0.69093534375 0.7180904406249999 0.7128649421875 0.8310282625 0.7299399624999999 0.9535676890625 0.7392889031250001 1 0.8050657421875 1 0.7996382609375 0.9760229562500001 0.7567506328125 0.740454553125 0.73647595625 0.6 0.6515057718749999 0.6
0 0.5927163796875 0.6 0.61437703125 0.7019455953125 0.635719878125 0.8662233640625001 0.66036828125 0.9708973796875 0.6658014781249999 1 0.7416161031249999 1 0.71765349375 0.8431638906250001 0.6875725953125 0.6939483156249999 0.6487494609375 0.609760621875 0.6485558921875001 0.602816384375 0.6508309484375 0.6 0.5927163796875 0.6
0 0.878125 0.81171875 0.090625 0.3765625
0 0.95625 0.78125 0.0875 0.3625