0 0.50234375 0.184375 0.0328125 0.13125
0 0.50078125 0.45 0.0359375 0.059375
0 0.01328125 0.10703125 0.0265625 0.1359375
0 0.565625 0.103125 0.09375 0.20625
0 0.26640625 0.646875 0.2078125 0.334375
0 0.3083547019317138 0.7426290766523771 0.17685077474120287 0.41979252965749525
0 0.26484375 0.85546875 0.1640625 0.2890625
0 0.0609375 0.64453125 0.121875 0.3296875
0 0.91328125 0.759375 0.1734375 0.453125
0 0.8331503589062047 0.7980289120904596 0.13269208869018465 0.288768022737413
0 0.8827498177186583 0.7867213389724858 0.13017268143286986 0.2777668557412186