0 0.05546875 0.09659179170003425 0.0875 0.17703658510611114
0 0.17265625 0.32109375 0.1109375 0.1953125
0 0.0875 0.02890625 0.078125 0.0578125
2 0.26484375 0.10031228448183964 0.0625 0.10457970364722229
2 0.309375 0.2211508081331938 0.059375 0.09356946846486114
2 0.3359375 0.30647005908312436 0.0734375 0.11577177678548622
2 0.49296875 0.03046875 0.0953125 0.0609375
2 0.54296875 0.1520066435236454 0.1265625 0.13263327488562507
2 0.62109375 0.3259695139646176 0.1125 0.155743466565
0 0.065625 0.744633820669722 0.0859375 0.19575021751493066
0 0.13984375 0.7030626100886455 0.1140625 0.29640483415618063
0 0.2125 0.6677777670987496 0.0640625 0.16399107123840287
0 0.29765625 0.6579832333794092 0.1328125 0.3280912452503474
0 0.3359375 0.65390625 0.0875 0.2171875
0 0.07578125 0.7022099313270483 0.090625 0.20210932028847228
0 0.28984375 0.94375 0.0921875 0.1125
0 0.89609375 0.659375 0.2078125 0.48125
0 0.51953125 0.75078125 0.2796875 0.4984375
0 0.465625 0.72890625 0.171875 0.5421875
0 0.59765625 0.7223769609623261 0.165625 0.413229964665139
0 0.653125 0.6023359114754163 0.121875 0.3168991721120834