0 0.1453125 0.11796875 0.175 0.2359375
0 0.09100879771448858 0.2820383473989169 0.08529925546001174 0.14659435633066592
2 0.32578125 0.3609375 0.1609375 0.115625
0 0.82109375 0.0453125 0.1453125 0.090625
0 0.8796875 0.05234375 0.1125 0.1046875
0 0.76015625 0.07265625 0.1265625 0.1453125
0 0.84859931754919 0.14422074756107275 0.07337334030732094 0.11518071509696384
0 0.5502717116592313 0.5584235693957398 0.0720659318225902 0.11827844155801363
0 0.670695781962673 0.5495724951254408 0.08415134364130097 0.13253185633066597
0 0.7670137040731876 0.8360339208551417 0.10459113152302776 0.21090231818121907
0 0.8132349998308221 0.8352759902541769 0.11849413485700744 0.22830800649282174
0 0.571875 0.8953125 0.11875 0.209375
0 0.55234375 0.90703125 0.1234375 0.1859375
0 0.7100623313441515 0.8819816205308302 0.11992908909937298 0.2267727800317722
2 0.5953125 0.4671875 0.10625 0.096875
2 0.5195799499903015 0.6181298060030591 0.05860946757828493 0.06811480032431164
2 0.6363845548414904 0.5481912272685333 0.04365414727484325 0.05693183847375849