0 0.2852437958560001 0.16550871191225663 0.12784282132453625 0.3152639369297224
0 0.190625 0.084375 0.075 0.16875
0 0.0125 0.23046875 0.025 0.2640625
0 0.49375 0.03984375 0.13125 0.0796875
0 0.4560503893503672 0.12478952688239539 0.071461126022532 0.14843880642076393
2 0.10429297571859819 0.31434952146715267 0.06472774122451135 0.07801720364722228
2 0.0710007540901281 0.3792302922687151 0.07812030298213615 0.16264677678548622
0 0.690625 0.09375 0.203125 0.1875
0 0.8328125 0.0734375 0.196875 0.146875
0 0.90390625 0.11484375 0.1921875 0.2296875
0 0.6578125 0.14296875 0.196875 0.2859375
0 0.0453125 0.59453125 0.090625 0.2296875
0 0.12109375 0.61796875 0.2140625 0.2765625
0 0.24453125 0.56953125 0.1515625 0.1796875
0 0.3640625 0.5890625 0.20625 0.21875
0 0.6874618622324784 0.6790640252668748 0.07513169530200425 0.16726154160312506
0 0.7186974903665815 0.6509747396476733 0.08919419530200426 0.16758884992375006
0 0.7489927441275053 0.6174348878240622 0.06609166442319178 0.12489220364722227
0 0.7819045325281649 0.5932154846136802 0.08496133636823097 0.18310474715020836
0 0.8229016055685608 0.5781892434473954 0.07812030298213628 0.16264677678548617
0 0.8909840158351177 0.5805135032310412 0.09268290815498563 0.18016158510611122
2 0.8484375 0.92890625 0.140625 0.1421875