0 0.059375 0.13125 0.11875 0.2625
0 0.1421875 0.28203125 0.209375 0.4140625
0 0.6578125 0.334375 0.175 0.309375
0 0.58046875 0.36484375 0.1609375 0.2484375
0 0.5177714922707883 0.2662984452690821 0.15886360942536976 0.32480289406758567
0 0.52890625 0.43046875 0.1046875 0.1171875
0 0.72578125 0.396875 0.1171875 0.184375
0 0.32421875 0.55859375 0.1234375 0.1390625
2 0.68984375 0.55546875 0.1671875 0.1328125
2 0.471875 0.51953125 0.103125 0.0609375
2 0.5896280769549552 0.806770989937416 0.10255765494824054 0.08947739926336595
2 0.6873519689437051 0.7370433619613735 0.08910074769092588 0.07766581411407199
2 0.7444728188964369 0.8829078829965955 0.09915925287472191 0.08613387797604233