0 0.1489044080601336 0.12118684603754373 0.0604487933640895 0.2272352093411815
0 0.1328125 0.2734375 0.065625 0.1125
0 0.5078125 0.28515625 0.04375 0.0890625
0 0.57890625 0.2171875 0.0984375 0.225
0 0.8140625 0.22265625 0.128125 0.2140625
0 0.903125 0.2515625 0.125 0.15625
0 0.95234375 0.2984375 0.0796875 0.0625
0 0.6518192280394527 0.2319259933959062 0.05933973201781732 0.1319227093411815
0 0.03515625 0.67578125 0.0703125 0.3234375
0 0.1042089787157705 0.6678458594048149 0.04696700135263541 0.14271475867281785
0 0.1756936273869975 0.7022668600811326 0.09251695337363444 0.29791133601209036
2 0.032299805418496065 0.9325981553946334 0.060593149347544895 0.10537839067472685
0 0.1267197780474069 0.6556094887412238 0.05692380402608972 0.19282384667409058
0 0.9375 0.52578125 0.125 0.3359375
0 0.838074901376498 0.6184072913749071 0.16620899204327078 0.3206408586887263