0 0.96328125 0.109375 0.0734375 0.21875
0 0.25569165432755503 0.8982018207890891 0.026665451570210406 0.11175595553496294
0 0.2385352465682807 0.8729934896635629 0.031716664423191786 0.12441964664195541
0 0.19960913888814877 0.8790450822218343 0.03327916442319179 0.12447421034428637
0 0.1787881735278848 0.889156692203301 0.033142772103323635 0.11978671034428637
0 0.14288777744709308 0.9185639392080761 0.03327916442319179 0.12447421034428637
0 0.20340642563945588 0.7139012318590148 0.022403848904643375 0.07258432813030105
2 0.14362826035833426 0.7558729662499181 0.024983279625171127 0.053943455534962936
2 0.24375 0.98671875 0.03125 0.0265625
2 0.2625 0.99609375 0.034375 0.0078125
2 0.21980431545204143 0.739918094835706 0.02020485141192587 0.050654764427970275
0 0.72421875 0.5953125 0.1296875 0.553125
0 0.9671875 0.63515625 0.065625 0.6328125
0 0.8854807912371466 0.6064037343060853 0.09728680628084145 0.4466964399258663
0 0.9671875 0.43515625 0.065625 0.2328125