0 0.18329211290133482 0.3500237659016246 0.11531259263745515 0.23117109514371964
0 0.3463528850272414 0.30694605265293173 0.05433224317557439 0.12797188730530315
2 0.4996106257216164 0.38932298047046565 0.15047949710451575 0.11516566191590946
2 0.5726564815936379 0.5131492738856904 0.14459337014004525 0.1227963054894186
2 0.3069222038861602 0.23299172710525343 0.08572348428423435 0.06490959765100213
2 0.4259247609582548 0.201365990895307 0.08296235731976367 0.07263116943775678
2 0.19229246960192592 0.1737424107287751 0.10781680810555194 0.07023359514371963
2 0.293343393299409 0.12621052969167817 0.08550516046291676 0.06022209765100208
2 0.4040454528527029 0.13472406017477914 0.08238016046291677 0.06013116943775678
2 0.3595507059530748 0.42234373211981835 0.09197348428423435 0.06509145407749273
2 0.5578125 0.68515625 0.078125 0.0296875
0 0.98515625 0.1109375 0.0296875 0.221875
0 0.17736080781250002 0.7 0.1910961953125 0.790278103125 0.2365418296875 1 0.30128544687500003 1 0.277601696875 0.8713623953124999 0.26073122187500003 0.8019666921875 0.2406968890625 0.7 0.17736080781250002 0.7
0 0.1002967390625 0.7 0.10414868906250001 0.7270414546875 0.1299133015625 0.8289651499999999 0.164346359375 1 0.23606435625 1 0.236576596875 0.9958655453125 0.23254583593749997 0.9486285546875 0.21372486406250002 0.861226853125 0.186955846875 0.7 0.1002967390625 0.7
0 0.334375 0.79140625 0.115625 0.1828125
0 0.8046493203124999 0.7 0.80778198125 0.7127041390625 0.830937834375 0.823411525 0.84937494375 0.9445924671875 0.861381465625 1 0.9296382859375001 1 0.9190099703125 0.9562810546874999 0.873551175 0.7249140796875 0.8696319203125 0.7 0.8046493203124999 0.7
0 0.729456765625 0.7 0.731393459375 0.708478803125 0.7545696109375 0.8711799687499999 0.7803342234375 0.973103665625 0.78574904375 1 0.8632549546874999 1 0.8358467234375 0.834923215625 0.8065743874999999 0.7 0.729456765625 0.7
0 0.97109375 0.85 0.0578125 0.3