0 0.4171100389635211 0.22128295424638536 0.10946827759614006 0.19180472376899793
0 0.4590657138824432 0.23751424162525217 0.09378873051823948 0.1875871173323807
2 0.21819702638161945 0.10021171153585237 0.12564665665497757 0.13519409084927708
2 0.05546875 0.37578125 0.1109375 0.1421875
2 0.24372926583160784 0.3851547940872562 0.11920574188232518 0.12381954827463008
0 0.459375 0.28984375 0.1 0.1953125
0 0.6793214870143565 0.17458291686751845 0.08337733603812651 0.12755655347041017
0 0.6503606899364558 0.1756865949597764 0.07715460957707698 0.12868201089576328
0 0.6191788737838316 0.1695951320865417 0.07989778003177203 0.10702553218308672
0 0.7635367999205698 0.23444387194708308 0.08650233603812651 0.12777507475773361
0 0.7749027682639446 0.12103693580905346 0.07976141233702023 0.09921303218308672
0 0.8210083806836905 0.2580177657625672 0.07389324188232518 0.12065098960843983
0 0.7422618177774772 0.19853922293581877 0.08027960957707699 0.12890053218308672
2 0.8368124330365969 0.11441523123369199 0.06334547970746059 0.0528079257464694
2 0.6774101594976466 0.104833145580195 0.0334670649348082 0.03979447351689647
0 0.621875 0.56171875 0.1375 0.1859375
0 0.546875 0.525 0.075 0.1125
0 0.7622043506519184 0.7149458369140047 0.13462401055001152 0.2918811334239241
0 0.68828125 0.61953125 0.1578125 0.3015625
0 0.74453125 0.84921875 0.1328125 0.3015625