0 0.03828125 0.19140625 0.0765625 0.2359375
0 0.97421875 0.25703125 0.0515625 0.1046875
0 0.1109375 0.57734375 0.103125 0.5359375
0 0.359375 0.6640625 0.128125 0.671875
0 0.25022562305867446 0.6158757355799068 0.0763790277596322 0.4475188404336109
0 0.40703125 0.50390625 0.0890625 0.3890625
0 0.5171875 0.54765625 0.084375 0.4765625
0 0.9265625 0.8421875 0.075 0.315625
0 0.8226363363981856 0.8365278625829158 0.07179567676384017 0.31626884043361086
0 0.7254513123515685 0.8593707488222215 0.06296133538669527 0.19710873732333312
0 0.7666740569940909 0.6662844216309252 0.035307561340078134 0.16353481969842587
0 0.7318253418404812 0.6992828493406011 0.03777779691210785 0.14505822177194433
0 0.6853000275051782 0.8198106713481013 0.056165698363386696 0.18093693317629622