0 0.32911661702249967 0.23967524262280726 0.053600391526875145 0.15672484387822044
0 0.3532282238801039 0.14447283056952873 0.06660823138263901 0.11198534684397003
2 0.4125 0.334375 0.075 0.059375
2 0.38820002308267326 0.28822017197629124 0.053997822188333267 0.03966467787060921
2 0.3093347131465276 0.04806340418179418 0.05755923328250008 0.05854201186299805
0 0.7546875 0.2296875 0.103125 0.440625
0 0.6953125 0.22890625 0.084375 0.4421875
0 0.925197408909965 0.12823235973273236 0.05585518218006964 0.2535998438782205
0 0.97265625 0.2203125 0.0546875 0.434375
0 0.1582046265625 0.45 0.176781203125 0.8455139859375 0.18112474218750002 0.852274775 0.21960451406249998 0.8546578593749998 0.22461931875 0.8474605343749999 0.2242441828125 0.8293731843749999 0.2069543484375 0.45 0.1582046265625 0.45
2 0.46171875 0.49375 0.0234375 0.0625