0 0.3703125 0.33671875 0.1125 0.1859375
0 0.4453125 0.35703125 0.09375 0.1453125
2 0.4291301642346067 0.10544854566425563 0.08542705909355419 0.0763508576783142
2 0.3832120152927736 0.16721391724001702 0.08772288273097573 0.1044758576783142
0 0.640625 0.11875 0.14375 0.2375
0 0.1421875 0.459375 0.09375 0.059375
0 0.08203241044158496 0.5923482462750224 0.13016521637033698 0.18688653859206372
2 0.17063239589771745 0.5566135010489072 0.0704397878817268 0.08297936597668398
2 0.14070603771254886 0.6439592130815434 0.059852974246244806 0.10546967261537983
0 0.75390625 0.896875 0.1390625 0.20625
0 0.8421875 0.89453125 0.134375 0.2109375
0 0.92734375 0.9328125 0.1015625 0.134375
0 0.63359375 0.86875 0.1296875 0.2625
0 0.6400523334701834 0.7880518325827123 0.10290108576539322 0.21432445435896633
0 0.66796875 0.93984375 0.0953125 0.1203125