0 0.25546875 0.1484375 0.0546875 0.296875
0 0.21996288056952268 0.41385177902557657 0.06556552413143528 0.3581051658792491
0 0.07142866604888506 0.49527784989948354 0.05688000489414158 0.33283234736759476
0 0.09921875 0.1609375 0.0703125 0.321875
0 0.9017386371081265 0.21623767984388315 0.05467760943331239 0.2250744110699257
0 0.89375 0.040625 0.053125 0.08125
0 0.7140625 0.0578125 0.05625 0.115625
2 0.706054114875608 0.2211086852013608 0.049384930307219396 0.07351191106992569
2 0.7047669225874891 0.2959722759455337 0.07934524881887377 0.08236112141421188
2 0.9706622518989165 0.24595495089527547 0.052237111795565026 0.06580853847458741
2 0.9606275421876024 0.3384599094254631 0.05256449400955034 0.0751835384745874
2 0.9094346083370042 0.503655834290387 0.06857143992586626 0.08666667549789597
2 0.6847942176854984 0.39437257041057083 0.16030756134007812 0.1663393065307547
0 0.146875 0.97109375 0.046875 0.0578125
0 0.7504266852861787 0.9189286263083535 0.02613096878180663 0.12263889183263199
0 0.7710020801140357 0.9048214862898198 0.028601204353836528 0.10399801923729371
0 0.805595334923359 0.9122718877410987 0.028819459163159956 0.1102480192372937
0 0.7122545626908405 0.9207168156012475 0.018789694735189676 0.09117063702330856
2 0.7356052387368907 0.7849802122432028 0.026527783665263982 0.044623019237293705
2 0.8031920428205748 0.7764162332945951 0.013700401451278843 0.03481150961864685