0 0.23828125 0.121875 0.0828125 0.24375
0 0.16933870397041045 0.15485528889147612 0.08781127204008907 0.3012125747577336
0 0.11651314863145616 0.19260130732880798 0.08130673337045291 0.27890053218308675
0 0.053649521960547286 0.21948088158233858 0.09269876670908897 0.3187278566887189
0 0.015625 0.23671875 0.03125 0.3203125
0 0.3078125 0.1546875 0.08125 0.309375
0 0.73125 0.2140625 0.121875 0.409375
0 0.842067131962138 0.08177842181119707 0.07054995202099903 0.15949496832111637
0 0.21875 0.97265625 0.05625 0.0546875
0 0.2328125 0.9796875 0.046875 0.040625
0 0.18125 0.96171875 0.053125 0.0765625
0 0.15859375 0.96953125 0.0515625 0.0609375
0 0.115625 0.97421875 0.05625 0.0515625
2 0.16841890459900313 0.8686067964330448 0.030323846674090583 0.05676345222957302
2 0.24817003926641218 0.8687103392597931 0.028724984006999677 0.053529191585911205
0 0.80625 0.640625 0.1625 0.44375