0 0.4921875 0.19453125 0.09375 0.3890625
0 0.81484375 0.30546875 0.0515625 0.1671875
0 0.6419153968718561 0.2493327564537859 0.047517307888095675 0.17463790145127867
0 0.54453125 0.2609375 0.0109375 0.184375
0 0.0078125 0.59921875 0.015625 0.2484375
0 0.03493538152451627 0.5806224511889756 0.02329763527271602 0.12236607332097763
0 0.07467238774829363 0.5909225449283733 0.048276169715594716 0.24634921034428636
0 0.7546875 0.76875 0.146875 0.4625
0 0.64921875 0.73515625 0.1328125 0.5296875
0 0.7875 0.78984375 0.090625 0.4203125
0 0.8838599788298683 0.6899180948357061 0.06359443901162667 0.30454365626060226