0 0.15390625 0.12734375 0.0859375 0.2546875
0 0.09941121018321333 0.23645562656247304 0.09514991529826115 0.24608531570031095
0 0.5986708667990717 0.21441069545831729 0.07793514422102224 0.24039675782192066
2 0.3294401195295462 0.4160921057275472 0.07079428903121965 0.08690773677523325
2 0.23276108313060506 0.5897486845820378 0.08175906010845857 0.09223227360693613
2 0.3121606741770557 0.13262715834426567 0.06766019867214013 0.0851632262518895
0 0.8091674843837101 0.1883226924745455 0.054115849139678304 0.17340667889684286
0 0.781383893730043 0.3829750398154747 0.06526242739850954 0.20998121572854575
0 0.8960776528052292 0.35050490308259385 0.06602601756119739 0.3412312157285459
0 0.8688146742752515 0.09731898990017931 0.047684041958085996 0.14179265785015546
0 0.990625 0.34140625 0.01875 0.3421875
0 0.9380691892041704 0.18003350838661794 0.05842155405833438 0.10805469468185844
0 0.7341316438282388 0.3208614476656302 0.06215560811666876 0.2129242052052021
0 0.253125 0.80078125 0.078125 0.3015625
0 0.19453125 0.78203125 0.0609375 0.2640625
0 0.4875 0.7609375 0.0625 0.221875
0 0.59609375 0.77265625 0.0734375 0.2453125
0 0.6421875 0.740625 0.046875 0.18125
0 0.53125 0.775 0.05 0.25
0 0.71484375 0.80390625 0.0296875 0.2234375
0 0.80859375 0.7765625 0.0703125 0.253125
0 0.9203125 0.76171875 0.06875 0.2234375