0 0.11796875 0.08046875 0.0953125 0.1609375
0 0.234375 0.07578125 0.075 0.1515625
2 0.09899117781347186 0.2786289491623286 0.15840818631233428 0.21985619665368966
0 0.91328125 0.08515625 0.0765625 0.1703125
0 0.39140625 0.1515625 0.0453125 0.134375
0 0.05625 0.590625 0.078125 0.14375
0 0.15546875 0.6828125 0.0859375 0.328125
0 0.271875 0.71640625 0.128125 0.3953125
0 0.9671875 0.9453125 0.065625 0.1
0 0.8543602263542904 0.7013952871090501 0.08234074855010753 0.09993101581733077
0 0.8220544439860042 0.5731283656642314 0.0994098493799445 0.0990688527754691
0 0.9064769881771453 0.5874720499606314 0.0665740385920639 0.11798067885919253
0 0.64296875 0.9734375 0.0515625 0.053125
0 0.5843464921258376 0.8484971442959625 0.07585395020978147 0.09655134783255317
2 0.8286777551980921 0.9277694447137043 0.12081125269929238 0.09371019072219049