0 0.4 0.27578125 0.159375 0.3671875
0 0.2796875 0.28125 0.15 0.35625
0 0.23359375 0.29140625 0.1453125 0.3359375
0 0.52578125 0.30390625 0.1078125 0.3109375
0 0.546875 0.31953125 0.065625 0.2796875
0 0.321875 0.36484375 0.140625 0.1890625
0 0.45546875 0.30234375 0.1640625 0.3140625
0 0.615625 0.03828125 0.053125 0.0765625
2 0.6945362398605414 0.05680919476487896 0.03576253737886681 0.04448197351689642
0 0.0609375 0.67890625 0.121875 0.4390625
0 0.2828125 0.7296875 0.265625 0.540625
0 0.49921875 0.7296875 0.1609375 0.540625
0 0.15859375 0.6765625 0.1671875 0.434375
0 0.31328125 0.55546875 0.1546875 0.1921875
0 0.4046875 0.76953125 0.20625 0.4609375
0 0.82734375 0.50078125 0.0515625 0.0828125
2 0.9085112585499747 0.5230733331324815 0.03409077673520518 0.0428102128732347
2 0.7466218078330111 0.9473406316592132 0.03452781930985207 0.04906021287323466
2 0.8153718078330112 0.9425331633380969 0.019700494804219915 0.03713936708027923