0 0.14048889034699102 0.11338051995508387 0.07217299352159508 0.12879961179556504
0 0.05625 0.2046875 0.04375 0.05
0 0.12421875 0.19765625 0.0484375 0.0640625
0 0.2323562153008485 0.13381456024376978 0.06285855027685514 0.10508929328391084
0 0.8449866232281279 0.09152785652290554 0.07632027297895938 0.09620536660488846
0 0.91875 0.01875 0.059375 0.0375
0 0.54453125 0.20390625 0.0703125 0.0515625
0 0.31493247609819014 0.5498537664117048 0.0656621776670363 0.14883929328391082
0 0.25066641040051485 0.8929117964487716 0.05939119370616517 0.19694941106992586
0 0.4144971753599096 0.828946044086519 0.0446277868586197 0.1855208377489479
0 0.3171875 0.2640625 0.046875 0.06875
0 0.23984375 0.28671875 0.0453125 0.1140625
0 0.11691408313030545 0.46307298510869355 0.039260363971945725 0.12609127404661713
0 0.10948830275009058 0.7744469947273405 0.046430118752307695 0.2136458377489479
0 0.4515625 0.471875 0.015625 0.121875
2 0.8621486351052037 0.5470933210435429 0.05560725478036197 0.08924603847458741
2 0.8887845789682522 0.7179340998994835 0.0483559592838688 0.07340278366526398
2 0.8987720458102603 0.7942337050716267 0.03697836829088228 0.041825401451278846
2 0.9096816625599832 0.9050174376484316 0.06976988433001133 0.09129961179556503
2 0.6978789767164989 0.7034375463639537 0.060455441085271476 0.06758929328391083
2 0.7189739242801754 0.7652480656012474 0.052242422886674154 0.06106647477225664
1 0.7404202367386482 0.35727187449425485 0.04092299352159508 0.1277083377489479
1 0.8780296607050566 0.3237103847458739 0.032009068475452554 0.1102480192372937
1 0.9040216617847907 0.34575899953666384 0.02822273442229637 0.12414682813030113
1 0.9104848079918778 0.48927338655997243 0.04032221622369914 0.1183333377489479