0 0.24755592775102694 0.17730289066163268 0.07076244404836292 0.18000176051544958
2 0.10182823911294028 0.11686775893356986 0.03399456677218975 0.042344630257724794
2 0.1463738609788372 0.14191866858993682 0.0566424565847754 0.07005355042954128
2 0.13845972406924556 0.24639812867584512 0.05788670783841639 0.05919793758467105
2 0.11454250244077543 0.311811766735486 0.10014841567683312 0.11757700361804453
2 0.2875527904457238 0.12669538105069428 0.05388116943775678 0.08238977611928178
2 0.2999200612954064 0.25593250169748066 0.05485263605166182 0.06215916327441153
2 0.2908011255603136 0.319005711783389 0.05825042069139794 0.07169793758467105
2 0.28028482587688275 0.4416176961795567 0.05485263605166182 0.06215916327441153
2 0.27265625 0.4890625 0.0640625 0.040625
0 0.7515625 0.12265625 0.1125 0.2453125
0 0.64765625 0.1125 0.1078125 0.225
0 0.85078125 0.09609375 0.0921875 0.1921875
0 0.54765625 0.0953125 0.0859375 0.190625
0 0.51484375 0.071875 0.0703125 0.14375
0 0.0828125 0.66953125 0.165625 0.3203125
0 0.36484375 0.74375 0.2046875 0.46875
0 0.23984375 0.6671875 0.1265625 0.315625
0 0.3609375 0.559375 0.109375 0.1
0 0.44453125 0.609375 0.0703125 0.2
0 0.45546875 0.71875 0.0484375 0.41875
0 0.64375 0.665625 0.1125 0.3125
0 0.5375 0.64375 0.10625 0.26875
0 0.7372562399043632 0.685431893940993 0.09180236975432585 0.2060662935321364
0 0.50546875 0.52890625 0.0515625 0.0390625