0 0.03125 0.12578125 0.0625 0.2515625
0 0.5231894079050647 0.23046875 0.06168652286549072 0.1109375
0 0.5459473508261559 0.1828125 0.05127481252120454 0.08125
0 0.66171875 0.296875 0.0515625 0.084375
0 0.6240996326773213 0.18203125 0.03710318511654283 0.078125
0 0.5767534067239384 0.15078125 0.03973711179556503 0.0640625
0 0.5855331512816428 0.2796875 0.02718254809323426 0.0625
0 0.5765625 0.3125 0.034375 0.053125
0 0.02265625 0.846875 0.0453125 0.125
0 0.036919547290626034 0.86328125 0.06524803248413757 0.1234375
2 0.05078125 0.98515625 0.0421875 0.0296875
2 0.07109375 0.98671875 0.0421875 0.0265625
0 0.5597742709665743 0.54609375 0.09649803248413757 0.1234375
0 0.325 0.71015625 0.0125 0.1078125
0 0.6007018274125109 0.71640625 0.13289188947037928 0.18125
2 0.65429310808255 0.6359375 0.07153274881887359 0.0796875
2 0.3359375 0.63203125 0.034375 0.0609375
2 0.677800040752022 0.7234375 0.06292164065150559 0.1015625