0 0.0453125 0.196875 0.090625 0.29375
0 0.09328104156572588 0.34032657283445006 0.10245302770747777 0.2942487526992924
0 0.5953125 0.5984375 0.04375 0.08125
0 0.61328125 0.59921875 0.0453125 0.0796875
0 0.56015625 0.596875 0.0421875 0.084375
0 0.54296875 0.6 0.0453125 0.078125
0 0.51328125 0.6109375 0.0484375 0.05625
0 0.46796875 0.03515625 0.0390625 0.0703125
2 0.5584031972711316 0.030133511421869395 0.025475188998963994 0.04552598755244537
2 0.5095181635677978 0.4905615259440165 0.025766287427387447 0.05177598755244546
2 0.5792870080672798 0.47389608943118955 0.02583906203449331 0.05333848755244528
0 0.36328125 0.86328125 0.1109375 0.2734375
0 0.32890625 0.91484375 0.1484375 0.1703125
2 0.42734375 0.6921875 0.0171875 0.021875