0 0.48515625 0.040625 0.1484375 0.08125
0 0.50234375 0.0609375 0.1140625 0.121875
0 0.0625 0.12890625 0.125 0.2578125
0 0.0328125 0.178125 0.065625 0.3
0 0.9002630648732296 0.29114406264247156 0.08739481648875014 0.2012150192218769
0 0.9734375 0.33203125 0.053125 0.1453125
0 0.98671875 0.32421875 0.0265625 0.1921875
0 0.9501721458952781 0.28461742367831955 0.07031511284152785 0.13789614767057934
2 0.89375 0.41953125 0.059375 0.0203125
0 0.45703125 0.67109375 0.2046875 0.4828125
0 0.34359679720579905 0.6320822438955644 0.14390200246854193 0.3493116824962884
0 0.22890625 0.63515625 0.2265625 0.4109375
0 0.11796875 0.57578125 0.1546875 0.2921875
0 0.09296875 0.54921875 0.1671875 0.2390625
0 0.05625 0.55546875 0.1125 0.2515625
0 0.5871932453125 0.4296875 0.57106500625 0.487555946875 0.559375 0.5231387359374999 0.559375 0.626531475 0.5616124203124999 0.6257629234375 0.6003581734375001 0.489674084375 0.6219828765625 0.4296875 0.5871932453125 0.4296875
0 0.590700503125 0.70119034375 0.6733937812499999 0.45267085937499996 0.6365186578124999 0.4346353140625 0.5639003609375 0.6552439109374999 0.590700503125 0.70119034375
0 0.6497753684442019 0.6507437126879001 0.10952438962701408 0.2132989393936935
0 0.7014476244281255 0.6863636301461831 0.09528005167111128 0.2047494549975255
0 0.750174105526424 0.5954210476044662 0.11076088772715309 0.2664239393936933
0 0.7964672240675352 0.5679644329505736 0.11225065254479176 0.26338082654882305
0 0.84223366574691 0.5514862618742459 0.09655161094166687 0.19233134215265543