0 0.38125 0.1515625 0.134375 0.303125
0 0.26796875 0.14609375 0.1765625 0.2921875
2 0.4252584924005557 0.10426029059146029 0.06827983415618064 0.11750176051544958
0 0.1643593196228822 0.19280605495209713 0.12787695896555581 0.3313053109449909
0 0.43828125 0.16328125 0.1359375 0.3265625
0 0.2375 0.53515625 0.221875 0.2921875
0 0.453125 0.56640625 0.2 0.3546875
0 0.7165407218833336 0.6480656015364511 0.08256184612402802 0.19471935775648747
0 0.6879468624602783 0.8275959712787264 0.07769250816812523 0.18666119629109837
0 0.6265625 0.775 0.075 0.171875
0 0.621875 0.63046875 0.065625 0.1609375