0 0.55703125 0.090625 0.0828125 0.18125
0 0.75625 0.13359375 0.090625 0.2671875
0 0.6640625 0.121875 0.090625 0.24375
0 0.8346268075304526 0.12297569359037155 0.07737973010335963 0.2134172425071295
0 0.04765625 0.7890625 0.0953125 0.421875
0 0.20703125 0.76484375 0.1203125 0.4703125
2 0.10546875 0.90859375 0.0890625 0.1828125
0 0.3 0.83046875 0.0375 0.3390625
0 0.74170405625 0.5296875 0.7362329671875 0.671378096875 0.7361489953125 0.9236198359374999 0.7401279656249999 0.9340226640625 0.744050259375 0.9347862875 0.777712346875 0.9295109921875 0.7838859968749999 0.91338221875 0.7854653234375 0.7821963828125 0.7926459734375 0.670807221875 0.7942576875 0.5451295046875 0.793930965625 0.5296875 0.74170405625 0.5296875
0 0.31875 0.5296875 0.31875 1 0.353653646875 1 0.34997768125 0.902363428125 0.34330203125000003 0.8331163796875 0.33175676875 0.601993271875 0.33096065937499997 0.5296875 0.31875 0.5296875
2 0.4359375 0.7203125 0.096875 0.38125
2 0.5296875 0.6 0.0625 0.140625