0 0.41875 0.053125 0.078125 0.10625
2 0.48046875 0.00859375 0.0734375 0.0171875
2 0.448575349728228 0.06514318246441012 0.06178944183801285 0.1028353656913195
0 0.2553770067852639 0.6139476244281254 0.11263067599857095 0.13833776101791678
0 0.17296370851063383 0.7294076638470491 0.09514824505632138 0.11141158510611113
0 0.01796875 0.69453125 0.0359375 0.1359375
0 0.1640625 0.9640625 0.10625 0.071875
0 0.0806994348775218 0.638835255602674 0.0907449683211162 0.07075021751493064
0 0.51484375 0.3625 0.0515625 0.0875
0 0.4469956962774882 0.4234817061157642 0.05852233020561535 0.12303876291777782
0 0.4249403798176278 0.4143606260436462 0.054960287630968455 0.11671602773541671
2 0.6068459436795981 0.40920426662059073 0.05091764381548423 0.05890352773541672
2 0.38828125 0.92421875 0.0171875 0.0515625
0 0.38984375 0.90625 0.0203125 0.084375