0 0.0375 0.01953125 0.065625 0.0390625
0 0.75703125 0.37109375 0.1203125 0.0765625
0 0.87109375 0.33671875 0.1171875 0.1453125
0 0.96953125 0.32578125 0.0609375 0.1671875
0 0.2212706404377056 0.620181399268003 0.09588581121958609 0.19936474801081766
0 0.29888558634512136 0.6637672199236399 0.07423420970237729 0.14447725334181777
0 0.33383454225447673 0.65633598058564 0.09199553667377884 0.1899533853437269
0 0.3701068821027559 0.6613774692473221 0.09030549091614422 0.18837270401018139
0 0.271589504831792 0.6156933465945488 0.07659393515656987 0.13513861600890867
2 0.2005282214919931 0.7882319652689576 0.06246779121570665 0.09594884667409058
0 0.7203125 0.85703125 0.14375 0.2859375
0 0.7625 0.8859375 0.134375 0.228125
0 0.679401875893838 0.8096075259389119 0.10073280788560605 0.18224997334499946
0 0.97109375 0.8953125 0.0578125 0.16875
0 0.93515625 0.88984375 0.1296875 0.2203125
0 0.890625 0.9 0.1375 0.2
0 0.78125 0.946875 0.103125 0.10625
0 0.8359375 0.96171875 0.096875 0.0765625