0 0.0328125 0.303125 0.065625 0.221875
0 0.08502556823782345 0.3179799238824681 0.1232979648447218 0.24902837334017516
0 0.15162659934060105 0.3652185382456528 0.10249744929333282 0.22548178903121982
0 0.6986868185206474 0.20869076141287737 0.09337672752138851 0.1926329275949012
0 0.7678763159287492 0.20518903239192038 0.11224288765342542 0.28332156010845855
0 0.8252103623000918 0.20005662567786625 0.06597489745537004 0.14718407220870694
0 0.8780127335536566 0.23237876716841396 0.10591497521231438 0.26454428903121985
0 0.6244489446751845 0.17233965007475477 0.12331708869018457 0.2849476926220159
0 0.08828125 0.52265625 0.0828125 0.0671875
0 0.175 0.5265625 0.08125 0.075
0 0.259375 0.5234375 0.065625 0.06875
0 0.3453125 0.52890625 0.075 0.0796875
0 0.8359375 0.9046875 0.146875 0.190625
0 0.934375 0.90234375 0.13125 0.1953125
0 0.7300543957119437 0.788505526439992 0.11036873788898109 0.2083488311856975
0 0.6984375 0.93046875 0.1 0.1390625
0 0.75390625 0.9453125 0.0953125 0.109375