0 0.32578125 0.04921875 0.1046875 0.0984375
0 0.32265625 0.19921875 0.1671875 0.3984375
2 0.18359375 0.09921875 0.1578125 0.1984375
2 0.4391718783582258 0.22402784327606157 0.1096295757634536 0.1596329495445131
2 0.2703125 0.07578125 0.1125 0.1515625
0 0.7684462084944292 0.20903527113621023 0.09795823637421641 0.28386905771188103
0 0.9345971091032524 0.28806555062512296 0.07273535364324069 0.1848313569862417
0 0.64609375 0.38515625 0.0890625 0.0671875
0 0.16953125 0.51796875 0.1734375 0.1984375
0 0.3109375 0.55859375 0.159375 0.2796875
0 0.45625 0.5546875 0.153125 0.271875
0 0.50859375 0.603125 0.1203125 0.36875
0 0.5296875 0.5203125 0.078125 0.203125
0 0.26484375 0.603125 0.1609375 0.36875
0 0.8046875 0.5640625 0.1 0.290625
0 0.73125 0.53984375 0.103125 0.2421875
0 0.8816787585041276 0.5972694250345597 0.08472517061270253 0.17901786660488844
0 0.93046875 0.5046875 0.0828125 0.171875
0 0.6556904722893908 0.5200446930059092 0.08443812818904792 0.19458830290255769
0 0.9515625 0.465625 0.065625 0.09375