0 0.31875 0.4765625 0.09375 0.10625
0 0.08359375 0.4390625 0.0796875 0.18125
0 0.203680205928333 0.18989649127742297 0.07714699430041687 0.16493976099766208
0 0.40234375 0.34140625 0.0328125 0.2140625
2 0.3929777888502427 0.23248304251753407 0.050001306420763926 0.07085787427505377
0 0.56640625 0.32578125 0.1859375 0.4078125
0 0.65703125 0.26484375 0.3234375 0.5296875
0 0.828125 0.31640625 0.25625 0.4265625
0 0.93828125 0.3453125 0.1234375 0.36875
0 0.303125 0.76484375 0.23125 0.4703125
0 0.3765625 0.76484375 0.084375 0.4703125
0 0.24140625 0.7140625 0.1421875 0.36875
0 0.83046875 0.67421875 0.1046875 0.2890625
0 0.8811856504574995 0.7088562883683491 0.09568140159486127 0.29112375269929236
0 0.78125 0.621875 0.075 0.184375
0 0.98125 0.7140625 0.0375 0.2875
0 0.9092911602411453 0.7745754541352518 0.07907317021222227 0.1806831601678251
0 0.9671875 0.80390625 0.065625 0.2046875