0 0.47409892930459224 0.24452395976100227 0.07173064401654479 0.12597023677523325
0 0.3895239346355924 0.2567971756307224 0.07494655068427178 0.1339647472985769
0 0.221875 0.37421875 0.06875 0.1109375
0 0.7171875 0.13515625 0.153125 0.2703125
0 0.66484375 0.146875 0.1390625 0.29375
0 0.3234375 0.88515625 0.153125 0.2296875
0 0.221875 0.87265625 0.146875 0.2546875
0 0.403125 0.9484375 0.115625 0.103125
0 0.256456348623502 0.7150514784592025 0.05904883068109026 0.10961719468185835
0 0.19268420261777502 0.7535532653614926 0.0844670013526354 0.14701077886860797
0 0.10809047927277549 0.8346219838620487 0.08477608402290801 0.17357327886860788
0 0.125 0.89453125 0.115625 0.2109375
0 0.6484375 0.58359375 0.196875 0.3078125
0 0.86875 0.70078125 0.2625 0.5421875
0 0.77109375 0.60078125 0.1828125 0.3421875
0 0.9078125 0.521875 0.15625 0.184375
0 0.9625 0.571875 0.075 0.284375
0 0.96328125 0.6953125 0.0734375 0.471875