0 0.11787700678526392 0.24688155981333715 0.11896779333095146 0.23196705223856356
0 0.23671875 0.03359375 0.0828125 0.0671875
0 0.28661557115143754 0.09890216248144208 0.07738159084927716 0.1270405348257091
0 0.20339425368317077 0.38074198269868714 0.07523993664223276 0.14093926051544958
0 0.17646004910780935 0.3173854895960921 0.06746028763096845 0.11873671189493056
0 0.2401622801662744 0.41560166157693096 0.07956680372251182 0.1582905348257091
0 0.1515625 0.5578125 0.115625 0.084375
0 0.7943189828125 0.6 0.8127578875000001 0.5541366765625 0.8599851890625001 0.4522587984375 0.907582940625 0.3341318125 0.961271771875 0.1869540921875 0.9916385109375 0.11614378593750001 0.9885508843749999 0.10458721875000002 0.9605353453125 0.09284507187499999 0.9517270921875 0.0940901328125 0.9465399781249999 0.101128940625 0.9037340859375 0.20015634062499998 0.8810146390625 0.2618491375 0.8103367484374999 0.42515224375000005 0.7423632015624999 0.6 0.7943189828125 0.6
0 0.6821633819113148 0.1741091231331772 0.10773536238870207 0.2049132293077851
0 0.23415221680850706 0.7772274790806425 0.056807010895763274 0.07770227611928178
0 0.4407903468782363 0.8609794386007238 0.0636033141140718 0.0858423247398008
0 0.2153200828125 1 0.218200559375 0.9924550296875001 0.2174679125 0.9828531281250001 0.2093831578125 0.9752275218750001 0.198823975 0.976963528125 0.19183818749999998 0.983740775 0.18487981874999998 1 0.2153200828125 1
0 0.1154088140625 1 0.1379608078125 0.9462895015624999 0.1397830859375 0.9357558453125 0.1364955171875 0.9270856937499999 0.11725309843750001 0.9256439625 0.10703340624999999 0.92937096875 0.0781937234375 1 0.1154088140625 1
0 0.33828125 0.97109375 0.0515625 0.0578125
0 0.38046875 0.965625 0.0453125 0.06875
0 0.03046875 0.7828125 0.0609375 0.09375
0 0.04804583598247314 0.9156714241285453 0.07091306956195353 0.12358798620519007