0 0.540625 0.36171875 0.053125 0.1140625
0 0.36621169191488734 0.32226354402913227 0.04973719209011431 0.17652800790866544
0 0.24765625 0.32734375 0.0546875 0.1828125
0 0.2091968674092552 0.32683434440969317 0.028179266343645003 0.11332767095052709
0 0.16953125 0.35546875 0.0296875 0.1265625
0 0.12265625 0.3703125 0.0390625 0.096875
2 0.7390625 0.05 0.15 0.1
2 0.81953125 0.3359375 0.1484375 0.165625
0 0.334375 0.5 0.075 0.1625
0 0.37734375 0.515625 0.0734375 0.19375
0 0.45390625 0.53984375 0.0703125 0.2421875
0 0.48359375 0.5578125 0.0640625 0.278125