0 0.39921875 0.0390625 0.0609375 0.078125
0 0.2390625 0.0296875 0.059375 0.059375
0 0.18359375 0.0546875 0.0578125 0.109375
2 0.0703125 0.2109375 0.140625 0.225
2 0.03828125 0.41484375 0.0765625 0.2578125
2 0.37265625 0.29296875 0.1140625 0.3484375
0 0.7421875 0.084375 0.05 0.16875
0 0.659375 0.059375 0.04375 0.11875
0 0.8140625 0.03359375 0.028125 0.0671875
0 0.8984375 0.09296875 0.05625 0.1859375
0 0.93359375 0.071875 0.0546875 0.14375
0 0.8546875 0.0375 0.040625 0.075
0 0.8082267724021547 0.2811685754735894 0.06303076805616747 0.10953423879011233
0 0.40703125 0.61484375 0.0421875 0.1109375
0 0.2109375 0.60234375 0.028125 0.0859375
0 0.581220090625 0.559375 0.5927670390625 0.6520095421875001 0.6012980265625 0.7745054984374999 0.6310260171875 1 0.6940996671875 1 0.6809995328125 0.8698055328125001 0.6698168609375 0.7985218078124999 0.6432958015625 0.5627997953125 0.6430400640625 0.559375 0.581220090625 0.559375
0 0.51144080625 0.559375 0.5197030140625001 0.6966790625 0.537111428125 0.8015531203125 0.5581951234375 0.9815222140625 0.5625155671875 1 0.6122115140625001 1 0.6152147921875 0.9966759640625 0.628766871875 0.9903724031250001 0.62993874375 0.98487734375 0.6297619671875 0.9376952359375 0.618098859375 0.8483519859375 0.60373845625 0.675634640625 0.58838253125 0.559375 0.51144080625 0.559375
0 0.7515625 0.725 0.0625 0.33125
0 0.8359375 0.65078125 0.05 0.1828125