0 0.11549191085271486 0.20987172952672334 0.053984198025101904 0.11312073821317573
0 0.63203125 0.15 0.2640625 0.3
0 0.7359375 0.15 0.3125 0.3
0 0.925 0.11015625 0.15 0.2203125
0 0.87734375 0.1171875 0.1890625 0.234375
0 0.3421875 0.56015625 0.225 0.5203125
0 0.3703125 0.65 0.259375 0.7
0 0.7679345928386876 0.9224102708830522 0.05448484577334831 0.12093323821317573
0 0.778125 0.93984375 0.05625 0.1203125
0 0.7339706030177205 0.9029132541338292 0.0522214389258032 0.10992296360606986
0 0.7147397416666685 0.906691071545006 0.055746957124400434 0.11631851282028158
0 0.6787719632890383 0.9166996182780183 0.04849566162790726 0.10040241439185812
0 0.8203125 0.346875 0.046875 0.09375
2 0.8997460834348473 0.39031701653982603 0.04372901603912886 0.050329639784752266
2 0.7214729981450734 0.7808199303125116 0.03435401603912887 0.049892992142117086
2 0.7881796367940215 0.7886003511145105 0.023877590992986343 0.032268844499482086