0 0.471875 0.2859375 0.05625 0.153125
0 0.45703125 0.5609375 0.0859375 0.05625
0 0.459375 0.02109375 0.0625 0.0421875
0 0.3859375 0.04921875 0.065625 0.0984375
0 0.2819767125821303 0.23307858206946025 0.058084485014259 0.1283977107723885
0 0.3046875 0.51015625 0.078125 0.1578125
0 0.9609375 0.1734375 0.078125 0.3
0 0.6928355916113895 0.23940585012163695 0.12829711460916612 0.32401928298109556
0 0.19375 0.846875 0.184375 0.30625
0 0.2921875 0.79453125 0.31875 0.4109375
0 0.42890625 0.7984375 0.1421875 0.403125
0 0.740625 0.79453125 0.228125 0.4109375
0 0.60234375 0.79375 0.1640625 0.409375
0 0.67578125 0.76875 0.1828125 0.359375
0 0.79375 0.7109375 0.165625 0.24375
0 0.88984375 0.79453125 0.1546875 0.4109375