0 0.03828125 0.10625 0.0765625 0.2125
0 0.553125 0.1546875 0.071875 0.309375
0 0.9546875 0.34921875 0.08125 0.0796875
0 0.059375 0.415625 0.05625 0.053125
0 0.00703125 0.4265625 0.0140625 0.075
0 0.35037441208141595 0.844853753164861 0.05759922359113005 0.12998016587924893
0 0.18772807914179152 0.8657689099736172 0.06826390507947586 0.12254961179556503
0 0.03359375 0.91640625 0.0671875 0.1171875
0 0.48686498358829516 0.8785616089699761 0.07278771397248338 0.11802580290255768
2 0.6516839409373565 0.8053844814804965 0.04954862141421188 0.07819941106992552
0 0.61484375 0.5140625 0.0515625 0.25