0 0.4390625 0.16640625 0.140625 0.2921875
0 0.984375 0.4359375 0.03125 0.128125
0 0.97578125 0.44453125 0.0484375 0.1109375
0 0.9484375 0.4640625 0.053125 0.071875
2 0.9063414081733079 0.29559521128645355 0.04004667984777566 0.06490310919158375
2 0.98515625 0.265625 0.0296875 0.053125
0 0.9700245647893789 0.2521444023717251 0.05238485376405215 0.09997901603912887
0 0.17904735 1 0.14420647656250002 0.9096647328125 0.09238737500000001 0.7595264828125 0.080129784375 0.74932439375 0.0637154765625 0.7504072484375 0.031339559375 0.7656636625 0.0162908390625 0.7942821437500001 0.05258843125 0.8470071421875 0.077541321875 0.903974978125 0.1158438828125 1 0.17904735 1
0 0.125286825 1 0.07890023125 0.8860297421875 0.0254655125 0.81109518125 0.023902359375 0.8041435265625001 0.028519265625 0.7942128046875 0.0014554890625 0.721626359375 0 0.7211156328125 0 0.8858892078124999 0.011292209374999999 0.9128409749999999 0.0400407640625 1 0.125286825 1
0 0.2890625 0.890625 0.16875 0.21875
0 0.346875 0.8625 0.1375 0.275
2 0.53359375 0.6984375 0.0484375 0.08125