0 0.18046875 0.0296875 0.0484375 0.059375
0 0.121875 0.06796875 0.05 0.1359375
0 0.0765625 0.08828125 0.046875 0.1765625
0 0.0234375 0.11875 0.046875 0.2375
0 0.08359375 0.35078125 0.0484375 0.1765625
0 0.25703125 0.053125 0.0421875 0.10625
0 0.5265749109972575 0.058564644715891935 0.060212761017916706 0.10548067885919252
2 0.1125 0.4765625 0.140625 0.075
2 0.16689013326184074 0.5924091096211892 0.13375936379145834 0.11316052768032883
2 0.0296875 0.81328125 0.059375 0.0671875
2 0.12586900902114645 0.7786304525108265 0.07314786569131951 0.0576161818249421
2 0.1492370398906952 0.9426783650583967 0.08106946846486114 0.06262201680591417
0 0.778125 0.615625 0.090625 0.353125
0 0.46328125 0.57265625 0.0609375 0.2671875
0 0.55234375 0.52578125 0.0453125 0.1734375