0 0.2057896577768296 0.13408778455149326 0.05571496071058579 0.15935401603912905
0 0.96328125 0.18984375 0.0734375 0.3796875
0 0.5609375 0.18984375 0.121875 0.3796875
0 0.6421875 0.18984375 0.065625 0.3796875
0 0.7296875 0.1140625 0.04375 0.228125
0 0.07184484326113694 0.6821397624953847 0.07040681513486521 0.34100453423772625
0 0.18874339888548947 0.6473864258213349 0.06957206120592367 0.3565294046880769
0 0.2875811592245716 0.6324845141934277 0.055500944994820146 0.22165375693983033
0 0.21875 0.4640625 0.0625 0.16875
0 0.58515625 0.40625 0.0328125 0.053125
0 0.6227437555860804 0.8948795943890724 0.01799232878371626 0.08527616594684381
2 0.5468148023190929 0.9363544979974152 0.03401543507002262 0.06137759099298634
2 0.6333344991759396 0.9183473727667024 0.024131012820281583 0.04983931369509058