0 0.1953125 0.1359375 0.0875 0.271875
0 0.11910237621616834 0.1446869920159342 0.050638748375146925 0.21698892319868043
0 0.3546875 0.26796875 0.05 0.3609375
0 0.41796875 0.47421875 0.0765625 0.5109375
0 0.5859375 0.5234375 0.08125 0.4125
0 0.721875 0.47578125 0.121875 0.5078125
0 0.88125 0.5328125 0.09375 0.39375
0 0.6422746436660387 0.41136001497718777 0.08929569399035024 0.4633016335443793
0 0.76484375 0.45859375 0.0859375 0.5421875
0 0.228125 0.86484375 0.11875 0.2703125
0 0.0734375 0.86484375 0.08125 0.2703125
0 0.2640625 0.82109375 0.09375 0.1828125