0 0.171875 0.0734375 0.1 0.146875
0 0.22890625 0.0828125 0.0984375 0.165625
0 0.36015625 0.16875 0.1078125 0.3375
0 0.09102460672757358 0.17764058135366606 0.10289896668512441 0.2915175617576248
0 0.32612149753598985 0.22205112556031362 0.09875168722776025 0.3241482053311341
0 0.734375 0.1734375 0.146875 0.346875
0 0.35280841764488685 0.7038048939027137 0.1319065437984502 0.2330973079967011
0 0.14932486736803172 0.8012014164682558 0.12675796884459273 0.25010295157021034
0 0.5828125 0.8734375 0.20625 0.253125
0 0.940625 0.83515625 0.11875 0.3296875
0 0.603125 0.896875 0.1125 0.20625
0 0.940625 0.87734375 0.11875 0.2453125