0 0.21575900061830885 0.19618669416759044 0.13763491208933248 0.27802247532299773
0 0.11015625 0.1328125 0.1328125 0.265625
0 0.34921875 0.38671875 0.1203125 0.2921875
0 0.2834390515134729 0.2907365330011086 0.156825003082319 0.3103739003691402
0 0.340625 0.475 0.13125 0.209375
0 0.68125 0.07890625 0.1 0.1578125
0 0.71875 0.1375 0.134375 0.275
0 0.7371998974437048 0.20500858651716625 0.14825103947951349 0.3222731230712442
0 0.8794782325765951 0.24942681985972842 0.15470129857881218 0.32579864126984165
0 0.9375 0.21953125 0.125 0.3203125
0 0.0765625 0.8703125 0.153125 0.259375
0 0.18359375 0.86875 0.1296875 0.2625
0 0.834375 0.87109375 0.234375 0.2578125