0 0.39609375 0.0578125 0.0671875 0.115625
0 0.42421875 0.21875 0.0296875 0.153125
0 0.57109375 0.22265625 0.1890625 0.4453125
0 0.62578125 0.225 0.1953125 0.45
0 0.5477812392574078 0.20687889803468024 0.12023941542211816 0.32776246801399933
0 0.84453125 0.1671875 0.1578125 0.334375
0 0.928125 0.18671875 0.14375 0.3734375
0 0.96328125 0.15625 0.0734375 0.3125
0 0.76875 0.1265625 0.128125 0.253125
0 0.35047022727162014 0.7693436300524976 0.10324226594251655 0.21201019867918128
0 0.3984375 0.78046875 0.08125 0.3203125
0 0.94296875 0.5625 0.1140625 0.225
0 0.96484375 0.7375 0.0703125 0.396875
0 0.79921875 0.5703125 0.1484375 0.240625
0 0.88671875 0.84921875 0.1234375 0.3015625
2 0.9828125 0.78125 0.034375 0.084375