0 0.14765625 0.04921875 0.0765625 0.0984375
0 0.11953125 0.18046875 0.0796875 0.3609375
2 0.09763200079296955 0.19873529218038916 0.0371525192218769 0.08434076674922295
0 0.9046875 0.19921875 0.11875 0.3984375
0 0.7765625 0.1625 0.08125 0.325
0 0.57109375 0.19375 0.1078125 0.3875
0 0.6859375 0.15546875 0.09375 0.3109375
0 0.04921875 0.66875 0.0671875 0.3
0 0.12298164009580584 0.6413122822555918 0.03557673111680746 0.14349744292790545
0 0.20546875 0.671875 0.0734375 0.30625
0 0.24099797772590542 0.6757857896991898 0.06557849163225704 0.21035961124870503
0 0.1638489795349277 0.6236367847367912 0.0502876843053107 0.18626713978475226
0 0.10096504070706125 0.9269222965236154 0.06806832654882307 0.10916098428423418
0 0.8634551281250001 1 0.8641295296875 0.987225446875 0.864267321875 0.8606792078125001 0.8592021671874999 0.7050517796875 0.8609959796875 0.6285279921875 0.8537862437499999 0.618961653125 0.8232560546875 0.6182813781250001 0.81550684375 0.62263341875 0.8133058703125 0.6310281234375 0.8104816515625 0.7381687046875001 0.8124046734375 0.8034813562500001 0.8076652781250001 0.9801956374999999 0.807889275 1 0.8634551281250001 1
0 0.5125 0.87109375 0.090625 0.2578125
0 0.59921875 0.83671875 0.0828125 0.3265625