0 0.5171875 0.05390625 0.065625 0.1078125
0 0.53671875 0.08671875 0.0609375 0.1734375
2 0.33245862224392403 0.21304290176264146 0.32856794319798655 0.3752140576781109
0 0.8092538812499999 0 0.8039030390624999 0.0300557015625 0.7959664734375 0.0952569609375 0.7646833609375 0.270514809375 0.741096771875 0.4390625 0.78995764375 0.4390625 0.796761525 0.39419759375 0.8193335921875 0.284068240625 0.8385230828125 0.15818668593750002 0.8569578828125 0.00276856875 0.85744256875 0 0.8092538812499999 0
0 0.48515625 0.71953125 0.1859375 0.5609375
0 0.078125 0.71953125 0.15625 0.5609375
0 0.0328125 0.71953125 0.065625 0.5609375
0 0.14550282969086842 0.6754379819582862 0.11130901443638921 0.425258420727206
0 0.2484375 0.51953125 0.05625 0.1609375
0 0.68125 0.58515625 0.0625 0.2921875
0 0.7567858218070838 0.558396172120707 0.08318009517409734 0.22219397748246603