0 0.65703125 0.31484375 0.1484375 0.0703125
0 0.73828125 0.2859375 0.1453125 0.128125
0 0.82421875 0.296875 0.0984375 0.10625
0 0.25435711906607467 0.803424611215279 0.16145194632705878 0.33730309330833314
0 0.15078125 0.8390625 0.1546875 0.321875
0 0.3522532009597625 0.7668924974545847 0.12082934145441175 0.21255737153638865
0 0.0640625 0.9015625 0.1125 0.196875
0 0.04969750231635182 0.711791351696158 0.07750084361388013 0.16681564458064807
0 0.03125 0.7578125 0.0625 0.15
0 0.03359375 0.88828125 0.0671875 0.1890625
0 0.8890625 0.63671875 0.221875 0.5453125
0 0.89375 0.675 0.2125 0.65