0 0.18078569706173458 0.37836404806828616 0.04935364474715094 0.12414012902925915
0 0.09821509966676852 0.4598396405281474 0.058728644747150935 0.12496033524981467
0 0.054867514058626644 0.4980628104621291 0.0429195541766104 0.08623002591898157
0 0.04976898345566476 0.3217737125356475 0.042191808105551856 0.07060502591898139
0 0.1727633736547018 0.22282694754990656 0.027765435070022448 0.06156221658814811
0 0.1351648662111037 0.1004933262963418 0.03252570967712849 0.06353481969842587
0 0.10843119995721877 0.2615484034876382 0.03288958271265772 0.07134731969842587
0 0.3122754456139926 0.44511063360092484 0.042448673283198346 0.10953082488222207
0 0.22921469664744992 0.5327678755424066 0.05240587014004525 0.12285103110277759
0 0.14530626943531014 0.43517112266768443 0.04313787799792799 0.09091752591898139
0 0.75625 0.2125 0.09375 0.3375
0 0.8083756577723203 0.2548663424133785 0.07708484656639669 0.21837814458064814
0 0.8974509662921569 0.17940630410055425 0.09089909759985382 0.31451085080120345
0 0.9203125 0.13671875 0.09375 0.2734375
0 0.2828125 0.74296875 0.1 0.2671875
2 0.3921875 0.6875 0.08125 0.15625
2 0.10078125 0.65625 0.1171875 0.09375
2 0.08326638006484259 0.7244312378889811 0.09899407981717356 0.1876161601320369
0 0.73359375 0.6890625 0.0484375 0.159375
0 0.7828125 0.63125 0.046875 0.04375
0 0.8609375 0.68046875 0.09375 0.1421875
2 0.797588015092084 0.8567815739872676 0.06105312406898662 0.10804623732333311
0 0.80078125 0.6359375 0.0578125 0.053125