0 0.41171875 0.0734375 0.0828125 0.146875
0 0.92734375 0.2734375 0.1140625 0.390625
0 0.7296875 0.2875 0.103125 0.3625
2 0.7971705223307943 0.27846007302812137 0.08707196856846852 0.12973227360693612
0 0.39296875 0.67890625 0.1390625 0.4203125
0 0.02265625 0.73359375 0.0453125 0.5296875
0 0.05234375 0.61328125 0.0796875 0.2890625
0 0.134375 0.58359375 0.075 0.2296875
0 0.7332314312499999 1 0.7263215625 0.8156276109375 0.7264373515625 0.66205583125 0.7179072312500001 0.648661459375 0.7014996531250001 0.6440830734375 0.6647012734375 0.646939428125 0.6403191671874999 0.6677700484375 0.65796735625 0.7278311640625 0.6630941187499999 0.7878937859375 0.6686955828125 0.90058730625 0.6681140296875 1 0.7332314312499999 1
0 0.6724363734375001 1 0.67175515 0.9129110453125 0.6632356609375 0.7639206671875 0.6363480703125 0.6779340875 0.6371705984375 0.67110665625 0.6450399671875 0.6636734234375 0.6431305203125 0.5887458421874999 0.6283275515625 0.5774263515625 0.5869175625 0.5659372234375 0.5759117671875 0.574407896875 0.5758470546875 0.5854699109375 0.58809900625 0.7653124671875 0.5855803421875 0.9283045265624998 0.5921190000000001 1 0.6724363734375001 1
0 0.834375 0.85234375 0.075 0.2953125
0 0.9225515119917121 0.8176689732681177 0.06244445781510173 0.2700996683734992