0 0.0234375 0.1484375 0.046875 0.296875
0 0.0796875 0.20546875 0.09375 0.4109375
0 0.10603255232054618 0.3762929145126942 0.08380458600673606 0.40820338544042356
0 0.484375 0.48828125 0.1125 0.2421875
0 0.353125 0.53046875 0.046875 0.1578125
0 0.6578125 0.5390625 0.103125 0.140625
0 0.765625 0.515625 0.075 0.1875
0 0.3921875 0.5421875 0.09375 0.134375
0 0.0399479984375 0.609375 0.040059245312500005 0.65810011875 0.0503321375 0.9115556078125 0.054754771875 0.9223122578125 0.058724703125 0.9233787546875 0.092309921875 0.9206455640625 0.097846940625 0.9049096750000001 0.0940462453125 0.773209728125 0.09668299218750001 0.6618294640625 0.09521033749999999 0.609375 0.0399479984375 0.609375
0 0.54765625 0.66953125 0.0953125 0.1203125
0 0.8625 0.69765625 0.1375 0.1765625
0 0.375 0.74609375 0.090625 0.2734375
0 0.4359375 0.7984375 0.18125 0.378125