0 0.04609375 0.05703125 0.0921875 0.1140625
0 0.203125 0.03203125 0.090625 0.0640625
0 0.2828125 0.32421875 0.1375 0.1890625
0 0.17109375 0.3203125 0.1296875 0.196875
0 0.17397230490955895 0.8316383689158631 0.05232156847545255 0.11016593262955983
0 0.14929247995570147 0.8149008823085436 0.060935104872647014 0.12280230032431164
0 0.11016012878368216 0.8288503340128269 0.060935104872647014 0.12280230032431164
0 0.09015850941306569 0.8487088664802309 0.06073484577334831 0.11967730032431163
0 0.05368078887042995 0.8821213843371385 0.06103523442229637 0.12436480032431145
0 0.09627450879475682 0.6558492106360323 0.0389809592838688 0.07247501785690744
2 0.0290579279808032 0.7061861757329962 0.043167811535622214 0.06474433847375849
2 0.1769995704872626 0.9548849541432107 0.03797966378737563 0.056850017856907444
2 0.1975926727390159 0.962329261367381 0.02800388648947969 0.04731137662320535
0 0.7388981 1 0.6861761375000001 0.8190702406250001 0.65 0.6735203828125 0.65 0.9181550312500001 0.6517514921875 0.9238900125 0.670241978125 1 0.7388981 1
0 0.84375 0.81640625 0.203125 0.3671875
0 0.9140625 0.77734375 0.171875 0.4203125