0 0.1102086046308198 0.2197030135716213 0.1344680960375438 0.28804538708777744
0 0.19966200330204692 0.17831730447634372 0.13770218403881634 0.297693789161296
0 0.2874619953055467 0.14488079641782542 0.12194991470399827 0.28538927879370346
0 0.3546875 0.13046875 0.109375 0.2609375
0 0.4765625 0.18828125 0.134375 0.3765625
0 0.44140625 0.14453125 0.0640625 0.2890625
0 0.5046875 0.20390625 0.190625 0.4078125
0 0.7359375 0.13125 0.190625 0.2625
0 0.828125 0.1140625 0.184375 0.228125
0 0.88125 0.0796875 0.11875 0.159375
0 0.540625 0.05390625 0.075 0.1078125
0 0.64296875 0.0453125 0.1171875 0.090625
0 0.09609375 0.8296875 0.1921875 0.340625
0 0.0640625 0.8703125 0.115625 0.259375
0 0.14921875 0.828125 0.1984375 0.34375
0 0.34921875 0.81484375 0.1203125 0.3703125
0 0.18992282928868387 0.8196722022145376 0.07498291335136278 0.139237448727685
0 0.29140625 0.75078125 0.1171875 0.2421875
0 0.62109375 0.79140625 0.1703125 0.3234375
0 0.48515625 0.865625 0.1390625 0.26875
0 0.91015625 0.74453125 0.1171875 0.2296875
0 0.8149479119191856 0.809674611215279 0.1585055800445435 0.3416584026391664
0 0.56171875 0.8578125 0.1703125 0.284375