0 0.2234375 0.04140625 0.065625 0.0828125
0 0.31875 0.05390625 0.065625 0.1078125
0 0.49140625 0.51484375 0.0171875 0.1421875
0 0.5655467989224365 0.38504053698811624 0.03475737939699588 0.08141362646343317
0 0.5746974978739681 0.062484280937992076 0.06323306576151388 0.10500566256778661
0 0.52109375 0.2078125 0.0421875 0.090625
0 0.5690379449893319 0.2179121243221338 0.02952774545807202 0.09387726502711465
0 0.64228412635288 0.21982862744539178 0.02812474212409235 0.07668976502711464
0 0.6724186811943703 0.4055025070320829 0.05781224212409235 0.07686248184962743
0 0.4109375 0.74140625 0.05625 0.0453125
0 0.371875 0.9546875 0.05625 0.090625
2 0.26540327771060923 0.9606359555078313 0.033737013335919566 0.06891362646343317
0 0.95859375 0.859375 0.0828125 0.28125
0 0.578125 0.859375 0.15625 0.28125
0 0.625 0.859375 0.075 0.28125
0 0.71796875 0.80703125 0.0515625 0.1765625
0 0.94765625 0.859375 0.0671875 0.28125