0 0.4085597534868527 0.4140625 0.03849515494824054 0.0828125
0 0.39680806654087986 0.09296875 0.06710817049962933 0.10625
0 0.2674152180487505 0.24140625 0.040663247690925795 0.071875
0 0.3502277180487505 0.24140625 0.050252861168796056 0.0921875
0 0.4003938133833339 0.2484375 0.03333876324231468 0.0953125
0 0.47410471545685234 0.2453125 0.031698350801203645 0.0765625
0 0.515625 0.4234375 0.059375 0.071875
0 0.2579704504711114 0.1171875 0.05038956220555537 0.09375
0 0.32578125 0.909375 0.0828125 0.18125
0 0.228125 0.9046875 0.090625 0.190625
0 0.41484375 0.9515625 0.0734375 0.096875
0 0.20332544933981564 0.8640625 0.07261445966092542 0.240625
0 0.13515625 0.93046875 0.0796875 0.1390625
0 0.46796875 0.95078125 0.0640625 0.0984375
0 0.7265625 0.73046875 0.153125 0.5390625
0 0.978125 0.71484375 0.04375 0.4328125
0 0.665625 0.6609375 0.03125 0.403125
0 0.8765625 0.72734375 0.14375 0.5359375