0 0.74921875 0.1484375 0.0796875 0.296875
0 0.85234375 0.146875 0.0765625 0.29375
0 0.948829009874491 0.15589673487640426 0.07189119370616517 0.20015923879011233
0 0.6126411860003678 0.13238064698497923 0.047692230103359635 0.2106185066679597
0 0.65078125 0.03828125 0.0515625 0.0765625
0 0.89609375 0.0265625 0.0484375 0.053125
0 0.4546875 0.64921875 0.028125 0.5984375
0 0.071875 0.675 0.14375 0.65
0 0.02421875 0.6453125 0.0484375 0.590625
0 0.16264928285345032 0.6140931615288467 0.07254773750461538 0.42869882697140155
0 0.25813986042820136 0.508799496835198 0.05708581893687779 0.2844386439408634
0 0.6046875 0.68984375 0.15625 0.6203125
0 0.75859375 0.75 0.1390625 0.5
0 0.95703125 0.74609375 0.0859375 0.5078125
0 0.519751581589146 0.7613030013771258 0.07338834669619905 0.4660712812137671
2 0.884375 0.76953125 0.09375 0.4609375