0 0.2734375 0.41796875 0.090625 0.0828125
0 0.1687999789140971 0.1812866188971909 0.0772547906531944 0.10036818114108118
0 0.14910768759531248 0.05288763709415596 0.09440592306201409 0.09960620181924558
0 0.23244686445704854 0.06771857857431932 0.060503701747361305 0.11831766046291672
2 0.12052156060173572 0.40741031720177984 0.1161354526972918 0.09437504631872748
0 0.65 0.3125 0.08125 0.29375
0 0.5453125 0.31640625 0.078125 0.2859375
0 0.7510071879765621 0.3277870913946009 0.0749311840799308 0.20171235731976367
0 0.4434680981207982 0.6812651941662505 0.06770187195958358 0.29346320967712847
0 0.376463089287083 0.6366932487571457 0.072025696047778 0.27805653349844606
0 0.490625 0.71953125 0.01875 0.1765625
0 0.29999150826503435 0.6292210430089586 0.06381184612402793 0.19339043507002263
0 0.7021332768823954 0.6903040922231705 0.10560322188333364 0.3795120256405632
0 0.5734375 0.84609375 0.115625 0.3078125
0 0.56796875 0.56875 0.1296875 0.21875
0 0.76796875 0.5515625 0.0765625 0.184375
0 0.8125 0.91171875 0.084375 0.1765625