0 0.04765625 0.0859375 0.0953125 0.171875
0 0.19921875 0.1109375 0.1421875 0.221875
0 0.5140625 0.3140625 0.115625 0.171875
0 0.50859375 0.28828125 0.1203125 0.2234375
0 0.48161636338317954 0.27414900966436145 0.09146243602799871 0.20676815046753827
0 0.6515625 0.33984375 0.128125 0.1203125
0 0.73046875 0.3265625 0.1265625 0.146875
0 0.5867583967218156 0.31260245560602706 0.06842383068109008 0.10664088544042354
0 0.8109375 0.35703125 0.1 0.0859375
0 0.08515625 0.8515625 0.1234375 0.296875
0 0.15879757606617878 0.8255241155415352 0.13181581070972542 0.3179329094445286
0 0.93359375 0.77578125 0.1328125 0.4484375
0 0.52578125 0.75 0.2515625 0.5
0 0.496875 0.7046875 0.19375 0.590625
0 0.65859375 0.78046875 0.1703125 0.4390625
0 0.7671902367122707 0.6878478953011767 0.11075787603436212 0.2537522347764936