0 0.08243421246242537 0.27850886816555986 0.08769596302712265 0.14307229282674855
0 0.21719634933648066 0.2353548118451581 0.06509292093374804 0.12904264381548422
0 0.345495654584035 0.24285631938672658 0.08889444198043535 0.13693155347041036
0 0.49453125 0.1390625 0.0296875 0.140625
0 0.159375 0.54453125 0.09375 0.1890625
0 0.21875 0.5484375 0.1125 0.196875
0 0.26640625 0.496875 0.0671875 0.09375
0 0.3265625 0.528125 0.10625 0.15625
0 0.0796875 0.5703125 0.125 0.240625
0 0.8609375 0.725 0.278125 0.55
0 0.79375 0.78515625 0.18125 0.4296875
0 0.95546875 0.72578125 0.0890625 0.5484375