0 0.04609375 0.21171875 0.0921875 0.4234375
0 0.2140625 0.14453125 0.09375 0.2890625
0 0.30797664734428026 0.1713532751188239 0.06584421037960517 0.311104365976684
0 0.3526220477136226 0.32857470188338855 0.0741294090517453 0.39294636182749915
0 0.3671875 0.5234375 0.065625 0.290625
0 0.8437458796874999 0 0.8347462875 0.061871565625 0.8290780421874999 0.1264152375 0.8038865062500001 0.299035346875 0.7772345625 0.549515409375 0.7800246515625 0.5611803359375 0.7837747343749999 0.56325330625 0.8172048843749999 0.5692964453125 0.8249330140625 0.5553476765625 0.8402938750000001 0.4255927421875 0.8590397171875 0.31737576875 0.8738520078124999 0.193101953125 0.8868796171875001 0.039209040625000004 0.8924633171874999 0 0.8437458796874999 0
0 0.5109375 0.225 0.0875 0.45
0 0.61640625 0.07109375 0.0421875 0.1421875
0 0.6658482346782978 0.7767232462750224 0.05833065046753827 0.09344326929603186
0 0.7433010689872532 0.8013340051980921 0.07570904800821018 0.12755816016782512
0 0.8254414032962085 0.8262999616316508 0.05833065046753809 0.09344326929603186
0 0.6386595416634984 0.935529561212088 0.0553238251355733 0.11351897095570589
0 0.8140625 0.95078125 0.05 0.0984375
0 0.5838760720123153 0.7806635398414636 0.048882927594901295 0.08023287427505377
0 0.5838902284317818 0.9173230902563821 0.049064734776493604 0.11148287427505377