0 0.0265625 0.2125 0.053125 0.2375
0 0.11557289238078616 0.16732879707269796 0.0692311827542901 0.24104920520520215
0 0.19125493865992188 0.1521657996329467 0.0445387176006804 0.2037466262801244
0 0.3125570197854478 0.1756704600433509 0.05925598202865068 0.22331567363517096
0 0.4015376742319516 0.1832015099586463 0.054206383479929524 0.25732665258848364
0 0.43843498430608535 0.26989714413127847 0.06583336424263582 0.23305469468185844
0 0.31171875 0.54921875 0.0453125 0.1015625
0 0.39645827151472834 0.46316202574366194 0.051150816149401555 0.16982665258848365
0 0.1109375 0.53203125 0.059375 0.1359375
0 0.03046875 0.5078125 0.0609375 0.184375
0 0.95078125 0.3 0.0984375 0.6
0 0.8886804878494644 0.2506187101845253 0.07590780180624934 0.4768956999435302
0 0.96953125 0.8 0.0609375 0.4
0 0.92578125 0.70859375 0.0765625 0.2171875