0 0.04140625 0.08203125 0.0828125 0.1640625
0 0.1265625 0.0734375 0.125 0.146875
0 0.20390625 0.065625 0.0921875 0.13125
0 0.31171875 0.09921875 0.1109375 0.1984375
0 0.39453125 0.12265625 0.1140625 0.2453125
0 0.4035779553114395 0.21106895008602083 0.1185328731437835 0.23329551542127547
0 0.18645304606330254 0.47264519846116776 0.08218630698520073 0.16235572402541773
0 0.3033592658126816 0.38467581980936744 0.09005334913967822 0.17186709172016937
0 0.02421875 0.42890625 0.0484375 0.2515625
0 0.58359375 0.3171875 0.1484375 0.634375
0 0.6636240792407898 0.3806428847441756 0.21221119203284075 0.49115465421934557
0 0.80859375 0.43203125 0.2734375 0.6546875
0 0.93125 0.3828125 0.1375 0.453125
0 0.855267199457707 0.20231551299223413 0.17379306576579942 0.3326875892845374
0 0.18203125 0.8796875 0.3640625 0.240625
0 0.33046875 0.8796875 0.3203125 0.240625
0 0.43515625 0.86796875 0.1484375 0.2171875
0 0.628125 0.8515625 0.1375 0.184375
0 0.71953125 0.85625 0.1421875 0.19375
0 0.54609375 0.83359375 0.0734375 0.1484375