0 0.18515625 0.3375 0.1703125 0.24375
0 0.1609375 0.08046875 0.125 0.1609375
0 0.21640625 0.08046875 0.1296875 0.1609375
0 0.4126029313459689 0.2531593069014795 0.0960531703877141 0.22319683540139543
0 0.1390625 0.4109375 0.096875 0.096875
0 0.29556959677128436 0.39929089775075666 0.06650260339082212 0.09030792574646931
0 0.3484375 0.4203125 0.05 0.078125
0 0.93046875 0.43828125 0.0390625 0.0421875
2 0.94765625 0.45390625 0.0296875 0.0109375
0 0.18662262820281578 0.8010169247380631 0.11294957195929074 0.21814870248167448
0 0.14109395843427416 0.8332009940479154 0.15452494995721872 0.3082709579295562
2 0.4953125 0.846875 0.06875 0.1625