0 0.40390625 0.0859375 0.0515625 0.171875
0 0.652897755602674 0.28918039391858147 0.04313567021222227 0.1768193651776464
0 0.7050414838511809 0.2830245932566277 0.046371079406528 0.24876713978475226
0 0.7461022417349656 0.27010937034493293 0.023149172112083605 0.12282106989237622
0 0.7855284176467713 0.2875537355225794 0.04789721181534752 0.24727741439185813
0 0.5591834699834726 0.252819054795783 0.049968858091875214 0.26922518899896397
0 0.6194488227570143 0.2603083771693585 0.0410653303564585 0.22198631596343468
2 0.6315533517267019 0.4786046129013348 0.0330320119678472 0.07801799214211727
0 0.2758929656150696 0.6939963265074047 0.02587412860909737 0.10577911910658785
2 0.3586333836430905 0.7282857433804623 0.03539329255305575 0.045351041356328815
0 0.8671875 0.7609375 0.134375 0.24375
0 0.47109375 0.815625 0.0828125 0.353125
0 0.51484375 0.69453125 0.0765625 0.1109375