0 0.03515625 0.05 0.0703125 0.1
0 0.209375 0.040625 0.140625 0.08125
0 0.959375 0.23984375 0.08125 0.4578125
0 0.8966281692401745 0.29254409669270875 0.14163766964062105 0.3297264804327085
0 0.78046875 0.26328125 0.2140625 0.4109375
0 0.6671875 0.31796875 0.146875 0.3015625
0 0.6125 0.28515625 0.146875 0.3671875
0 0.584375 0.3078125 0.090625 0.321875
0 0.91328125 0.2 0.1734375 0.4
0 0.0296875 0.7953125 0.059375 0.409375
0 0.11640625 0.734375 0.2328125 0.53125
0 0.24296875 0.734375 0.3171875 0.53125
0 0.38125 0.6984375 0.23125 0.459375
0 0.3152923944834082 0.7088256729651048 0.1878422881461516 0.4713697729857641
0 0.6 0.7171875 0.121875 0.496875
0 0.68203125 0.73125 0.2859375 0.525
0 0.80390625 0.56171875 0.2046875 0.1859375
0 0.75546875 0.58671875 0.1890625 0.2359375