0 0.525145645580195 0.2932846663073606 0.1037034262506726 0.21456229991529555
0 0.49431626266047407 0.3123377741716335 0.10501455397461328 0.23331229991529537
0 0.61484375 0.34765625 0.0296875 0.2328125
2 0.59765625 0.02578125 0.0546875 0.0515625
0 0.878125 0.02890625 0.10625 0.0578125
0 0.759375 0.54140625 0.10625 0.1546875
0 0.64765625 0.2234375 0.0359375 0.175
2 0.8328710282478144 0.27362461369064217 0.08624313861970415 0.09839126834526439
2 0.8666447307294888 0.37520252424222067 0.11540575075630458 0.22613683674699842
0 0.5442291453280934 0.8846090743692777 0.09987930372251182 0.15987479991529535
0 0.50859375 0.64453125 0.0765625 0.0515625
0 0.36228574061684604 0.7618526557840168 0.06989687278026224 0.1316742052052021
0 0.7716664584337593 0.7001863846667423 0.09209965471124751 0.13763577886860795
0 0.8543532722957297 0.7047836084289703 0.06647694183801285 0.10502069994353028
0 0.91640625 0.65390625 0.0484375 0.0703125
0 0.7001356658591124 0.6980771240728114 0.07774222376899793 0.11034523677523325
0 0.8769816611675353 0.8713340715972674 0.08072511213660043 0.13074874203690498
0 0.7689999163633153 0.8415394267601173 0.08806771857321785 0.1467377630835925
0 0.65 0.81640625 0.040625 0.0953125
2 0.978125 0.82421875 0.04375 0.1484375