0 0.2206067585277923 0.24781010600458292 0.09746434712916763 0.2534899823325695
0 0.3356479296027146 0.2685382204616314 0.10931189974588626 0.2693695554708334
0 0.8477354898295921 0.3298972138121177 0.16166262599777567 0.33768445079743065
0 0.0609375 0.6265625 0.121875 0.115625
0 0.55859375 0.92734375 0.0578125 0.1453125
0 0.6515625 0.86484375 0.1375 0.2703125
0 0.76328125 0.846875 0.1296875 0.30625
0 0.8564734529978892 0.8309466482732979 0.09831421558737148 0.21450021751493065
0 0.7753130002117615 0.6705559685617704 0.08068709983059072 0.17976154160312507
0 0.553125 0.6953125 0.046875 0.171875
0 0.53984375 0.78125 0.0203125 0.190625
0 0.696875 0.64296875 0.078125 0.1484375
0 0.8823071818806147 0.7624687519967702 0.08526818401734033 0.2048342767854862