0 0.15625 0.22262751526514793 0.065625 0.21125176051544958
0 0.1046875 0.2448610413844298 0.0875 0.299898180687266
0 0.50078125 0.03984375 0.0265625 0.0796875
0 0.546875 0.41938524932263144 0.03125 0.09226274310259512
0 0.4296875 0.3239642859573628 0.040625 0.11462906603337367
0 0.39921875 0.04296875 0.0296875 0.0859375
0 0.43203125 0.03671875 0.0234375 0.0734375
0 0.4671875 0.0390625 0.03125 0.078125
0 0.4640625 0.27450651854450836 0.021875 0.06208392017181659
0 0.50234375 0.25843778324382943 0.0234375 0.08404080732694616
0 0.534375 0.2934778465636695 0.0203125 0.07137703301668666
0 0.4765625 0.48046875 0.015625 0.0171875
0 0.4984375 0.4765625 0.0125 0.025
0 0.4671875 0.41731149423424885 0.021875 0.07770892017181659
0 0.0421875 0.6234375 0.0625 0.26875
0 0.12578125 0.57578125 0.0609375 0.1734375
0 0.51484375 0.6768912121220731 0.0375 0.21134029172311414
0 0.665625 0.51328125 0.05 0.0484375
0 0.7078125 0.6206843984635488 0.0515625 0.2433272761192818
0 0.68046875 0.6338361736783196 0.0546875 0.2481785504295413