0 0.36640625 0.16875 0.1046875 0.3375
0 0.29453125 0.1953125 0.0921875 0.390625
0 0.790228768090223 0.25700376002923353 0.066711623699004 0.29206567363517094
0 0.7236277662812007 0.20483504430068766 0.07058025214770644 0.27671368942018654
0 0.8596272212787264 0.303104486281123 0.0637769742194024 0.1766226841585148
0 0.9307851690401627 0.20443874410304366 0.05932849163225704 0.2106336631118273
0 0.6472323626177277 0.18870253910960305 0.06303334577069997 0.19215667889684288
0 0.9615538121881864 0.15248910722898837 0.046343812754013315 0.17093412628012442
0 0.06953125 0.78984375 0.1390625 0.4203125
0 0.23203125 0.78984375 0.1453125 0.4203125
0 0.35703125 0.69296875 0.0921875 0.2265625
0 0.8953544386007237 0.8503295548240313 0.029660923789861116 0.1201150789250777
0 0.9103995844622809 0.869898602179078 0.029824698100120627 0.12324007892507786
0 0.8588846720923804 0.8380801838055788 0.029005826548823065 0.10761507892507786
0 0.8413663014455942 0.8456273732963526 0.030895875169342092 0.1139560841867496
0 0.8087961408847161 0.8632020101704079 0.026952003618044527 0.09814907366340578
2 0.8221924983025193 0.7175555812029778 0.025730340343633175 0.045115078925077864
2 0.8881483689493057 0.7128295548240314 0.017098968792335613 0.02903505261671846
2 0.8913397252354553 0.9669255206231643 0.020960953188503238 0.043279563140062295
2 0.90546875 0.97890625 0.0203125 0.0421875