0 0.68828125 0.19609375 0.1546875 0.2671875
0 0.63125 0.18828125 0.084375 0.2828125
0 0.78984375 0.25078125 0.1171875 0.1578125
0 0.61953125 0.05078125 0.0609375 0.1015625
0 0.1609375 0.66484375 0.321875 0.6703125
0 0.275 0.70546875 0.31875 0.5890625
0 0.49453125 0.7 0.1890625 0.503125
0 0.08125 0.61640625 0.1625 0.4546875
2 0.42173231518934406 0.7233878705308302 0.20949730126627664 0.4909091923687926
0 0.709375 0.6796875 0.240625 0.640625
0 0.7609375 0.73359375 0.30625 0.5328125
0 0.9131566002247915 0.7370883116851019 0.16655363182851984 0.4105125803560837