0 0.57265625 0.09921875 0.0640625 0.1984375
0 0.5765149681967507 0.3200583189887027 0.07599081630997126 0.3573954886359143
0 0.44140625 0.3984375 0.0671875 0.28125
0 0.42109375 0.1234375 0.0796875 0.246875
0 0.8391764410788621 0.20454459293469007 0.09075199828414035 0.3279807240254177
0 0.9265256768930972 0.1740542978853843 0.08721782132453626 0.313863676947517
0 0.77890625 0.24609375 0.0203125 0.1859375
0 0.47261238136630135 0.7829638733734992 0.0346598079967011 0.11773297077900687
0 0.48923158003351774 0.763732632301953 0.03563127461060631 0.09744774431795715
0 0.5252827403000746 0.7682661736978108 0.03277905925034226 0.1067681972400564
2 0.4364666297169487 0.6409985158250173 0.02443771034569906 0.03478410308425524
2 0.5040716668639672 0.6296849147693571 0.018096782132453627 0.03155000892845372
2 0.5287380124033982 0.8870161736978108 0.02948892319868044 0.04736592370110628
2 0.5493232970431344 0.8967457297041653 0.027471782132453625 0.03171365016215581
2 0.5290850048815509 0.9526139001588605 0.032886707838416386 0.05679547077900686