0 0.30703125 0.0703125 0.0921875 0.140625
2 0.38515625 0.01640625 0.0546875 0.0328125
2 0.3765625 0.08701823304588921 0.0375 0.10174659057054054
0 0.7114295921875 0.659375 0.7134714703125 0.6063712078125 0.7121777781249999 0.535334696875 0.7184196640625 0.30018506093749997 0.7283944390625 0.1458748578125 0.7206935796875 0.13316451093749998 0.7045210625 0.13000230468750001 0.6674073375 0.13609706093750001 0.6416005546875 0.1591632125 0.65545640625 0.21796253906250002 0.6567458234375 0.2778607046875 0.6551329953125 0.3905977578125 0.6466072046875 0.512919346875 0.6455730796875 0.659375 0.7114295921875 0.659375
0 0.6525839437500001 0.659375 0.6531944218750001 0.5863874734375 0.6628699953125 0.4139706375 0.6638844203125001 0.26502031875 0.6424203171875 0.18098228593750001 0.643684084375 0.1740503953125 0.65205885625 0.165892271875 0.6549525515625 0.0907767 0.6408231484375 0.08070079999999999 0.60000218125 0.0727861859375 0.5884131359375 0.08226153281250001 0.5876380640625001 0.093381675 0.588388928125 0.2730033828125 0.5753979234375 0.43698911875 0.5782631328125001 0.5414770546875001 0.575685178125 0.659375 0.6525839437500001 0.659375
0 0.81328125 0.4220161253118409 0.0703125 0.45952485731976367
0 0.91640625 0.2812755012428543 0.05625 0.2573073858558109
0 0.11875 0.8296875 0.075 0.340625
0 0.340625 0.75546875 0.0625 0.1921875
0 0.5015625 0.76171875 0.05625 0.2046875
0 0.5875 0.73359375 0.065625 0.1484375
0 0.55390625 0.76328125 0.0484375 0.2078125
2 0.88046875 0.8637733240307146 0.090625 0.14797092721213972