0 0.3734375 0.44140625 0.1125 0.0765625
0 0.13984375 0.384375 0.1046875 0.190625
0 0.25242198590206016 0.14703428165332993 0.09500761452679143 0.16238299756436803
2 0.421875 0.21875 0.015625 0.06875
0 0.8897406966852965 0.1283326948011292 0.07753484937994451 0.09653980925276526
0 0.8126454004195629 0.11996504139256255 0.07547544191141178 0.11054776217486459
0 0.7328395012493998 0.11701159090609518 0.07897895020978148 0.09500458279171564
0 0.6452327574731772 0.1037791594943513 0.07656434523075947 0.10432503571381498
0 0.0671875 0.778125 0.134375 0.30625
0 0.15202201204656926 0.782866236196987 0.15360413237293075 0.31788870373287814
0 0.01015625 0.7984375 0.0203125 0.19375
0 0.9533701018787442 0.6005389314084486 0.054949454358966324 0.08678297970746059