0 0.06484375 0.075 0.1296875 0.15
0 0.10625 0.05390625 0.1875 0.1078125
0 0.17109375 0.06796875 0.1921875 0.1359375
0 0.8671875 0.03671875 0.06875 0.0734375
0 0.28335237498140947 0.581974246189371 0.06727502471457943 0.1175511143631847
0 0.40332929395477024 0.5717321586589618 0.07878552768032883 0.13167724687674198
0 0.511273150647391 0.8568025711285525 0.09603137749004845 0.20988406010845856
0 0.53046875 0.8546875 0.0578125 0.228125
0 0.31875 0.90703125 0.109375 0.1859375
0 0.30078125 0.91875 0.1140625 0.1625
0 0.45546875 0.89453125 0.1109375 0.2109375
2 0.32499072973404497 0.4806299148072818 0.10158635771838505 0.11618860226293629
2 0.2551199456279254 0.6419805052645573 0.05586268083635879 0.06749657220870695
2 0.3689861274528674 0.5707509207592102 0.04135451186299814 0.05647725897699045
0 0.93671875 0.7046875 0.1265625 0.29375
0 0.97265625 0.71796875 0.0546875 0.2796875
0 0.8776303211036265 0.6882873578220812 0.09957287155854946 0.18178633118569748