0 0.0203125 0.08671875 0.040625 0.1734375
2 0.2859375 0.06875 0.165625 0.1375
2 0.4140625 0.35859375 0.090625 0.2421875
0 0.07734375 0.73984375 0.1546875 0.5203125
0 0.38984375 0.61171875 0.1390625 0.2640625
0 0.06328125 0.6546875 0.1265625 0.35
0 0.11484375 0.5265625 0.0953125 0.09375
0 0.8955913185944697 0.7590331682512526 0.10060905405833438 0.10992827792830422
0 0.7552198068870049 0.5413211250578005 0.08497496369925486 0.10754690637700662
0 0.5610077612164857 0.8750354630265843 0.05360678903121974 0.08559666327441154
0 0.7050668334251926 0.9206268447546471 0.0535704275949012 0.07934666327441153
0 0.496875 0.74609375 0.075 0.1046875
2 0.740944725210328 0.774171246609098 0.12246587334017515 0.10794969810012063