0 0.2846304272271764 0.11009732725973068 0.0866865228654909 0.11190111067790856
0 0.20111852278067274 0.10872627860441195 0.07536707694917481 0.10083634134309047
0 0.13194193684582328 0.09937909794718425 0.07671132213985139 0.09460452267663592
0 0.051364059441161604 0.10344043662477462 0.08183533175849815 0.10715906667727229
0 0.07109375 0.54453125 0.0796875 0.0703125
0 0.2078125 0.56171875 0.05625 0.0359375
0 0.39296875 0.36796875 0.0859375 0.4234375
0 0.4953125 0.3421875 0.225 0.475
0 0.646875 0.4140625 0.1625 0.33125
0 0.803125 0.38203125 0.240625 0.3953125
0 0.93125 0.4078125 0.1375 0.34375
0 0.4278769410221745 0.194310337285184 0.13495044119181054 0.33112382535009016
0 0.803125 0.346875 0.175 0.465625
0 0.1625 0.76484375 0.284375 0.3703125
0 0.08125 0.66171875 0.15625 0.1640625
0 0.25546875 0.78984375 0.1890625 0.4203125
0 0.5796875 0.91796875 0.13125 0.1640625
0 0.68125 0.928125 0.125 0.14375
0 0.77265625 0.96953125 0.1015625 0.0609375
0 0.48671875 0.96328125 0.0859375 0.0734375
0 0.5266566922033009 0.8444910559357302 0.09722720798203355 0.19011701734563582
0 0.44453125 0.94296875 0.0859375 0.1140625