0 0.375 0.084375 0.209375 0.16875
0 0.03125 0.2515625 0.0625 0.25
0 0.20941030478781802 0.3278229483272632 0.10997068631233428 0.21897572930778503
0 0.15776713964561537 0.4536727973773235 0.09207279129135611 0.20869997060135786
0 0.09453125 0.559375 0.1234375 0.2
2 0.46015625 0.12265625 0.0390625 0.1578125
2 0.45 0.5578125 0.059375 0.165625
0 0.5955459464848039 0.30150278776638517 0.08449708963168216 0.2114155348257091
0 0.7036427890162711 0.30995601763999714 0.09588672075521316 0.34118492198083883
0 0.6842029369370343 0.1258676226829513 0.06065592531467203 0.143245388964152
0 0.8015008711747761 0.3385546511770823 0.09432422075521316 0.3411030348257091
0 0.7764254031188552 0.09044469979760131 0.07938261452679143 0.16445864767057933
0 0.8856399954498297 0.3827749626879001 0.07980958963168217 0.21116987336031984
0 0.9211710632866804 0.15815674299105337 0.08040158548249714 0.21898237336031984
0 0.9571831087272213 0.35392626639680175 0.06330917386477956 0.23987472749876276
0 0.06953125 0.86171875 0.1265625 0.2765625
0 0.33828125 0.8484375 0.1234375 0.303125
2 0.2515625 0.725 0.10625 0.13125
0 0.64375 0.8890625 0.096875 0.221875
0 0.76015625 0.8734375 0.0984375 0.253125
0 0.8578125 0.9046875 0.075 0.190625
0 0.78515625 0.74453125 0.0765625 0.1703125
0 0.528125 0.9421875 0.071875 0.115625
0 0.5109375 0.80546875 0.0625 0.1859375
0 0.54296875 0.7359375 0.0703125 0.153125
0 0.49296875 0.9203125 0.0265625 0.159375