0 0.51328125 0.15078125 0.0703125 0.1328125
0 0.390625 0.3328125 0.0515625 0.1046875
0 0.2625 0.30546875 0.0609375 0.14765625
0 0.69296875 0.48671875 0.0484375 0.0875
0 0.66953125 0.290625 0.05234375 0.07890625
0 0.43671875 0.50546875 0.04765625 0.121875
0 0.5484375 0.45078125 0.06484375 0.11015625
0 0.190625 0.584375 0.059375 0.11015625
0 0.8078125 0.41484375 0.05703125 0.1171875
0 0.13515625 0.42578125 0.04765625 0.1046875
0 0.596875 0.171875 0.06953125 0.14609375
0 0.7171875 0.665625 0.09140625 0.16484375