0 0.4765625 0.34765625 0.03984375 0.225
0 0.49765625 0.07109375 0.0328125 0.1421875
0 0.58125 0.15234375 0.03515625 0.11796875
0 0.6046875 0.44375 0.0265625 0.1359375
0 0.55625 0.39375 0.02734375 0.11328125
0 0.6515625 0.46328125 0.02578125 0.153125
0 0.32734375 0.47109375 0.025 0.12578125
0 0.34453125 0.7453125 0.02421875 0.1703125
0 0.33828125 0.621875 0.03046875 0.059375
0 0.646875 0.69765625 0.034375 0.23203125
0 0.5765625 0.75546875 0.03046875 0.13125
0 0.540625 0.80078125 0.0234375 0.1203125