0 0.18672335221532316 0.34312803878243797 0.15300458869018457 0.29108974672063964
0 0.03359375 0.35078125 0.0671875 0.2765625
0 0.24140625 0.3875 0.1421875 0.203125
0 0.93359375 0.09375 0.1328125 0.1875
0 0.825 0.07578125 0.115625 0.1515625
0 0.7671875 0.053125 0.13125 0.10625
0 0.23283480900152656 0.9178480777920186 0.041756855984999855 0.08617651741285463
2 0.1479519610750451 0.9165102278374471 0.04704994872768502 0.07556656603337367
2 0.23858652299777655 0.9391465456798429 0.034472036286573984 0.05624335594746519
0 0.834375 0.546875 0.09375 0.115625
0 0.88671875 0.53125 0.1078125 0.084375
0 0.7484375 0.5640625 0.09375 0.15
0 0.917125168756203 0.6144552414051143 0.08882592855814764 0.1975168091359686
0 0.73203125 0.89609375 0.1171875 0.2078125
0 0.83203125 0.93046875 0.1296875 0.1390625