0 0.378125 0.15546875 0.103125 0.3109375
0 0.14375 0.12578125 0.109375 0.2515625
0 0.6029648769544125 0.22854421768549843 0.23368621623333752 0.4268254279449667
0 0.94296875 0.478125 0.1140625 0.23125
2 0.7431176991631194 0.18030266904411 0.13870901775758923 0.21261410580511536
2 0.6847274404807167 0.41190484390903376 0.11969539734428025 0.16664684137714508
2 0.8627115399149826 0.44234385597475134 0.09752950585373252 0.1158829495445131
2 0.8578826184684013 0.6008011967189242 0.08194995764913067 0.12314981252120454
0 0.01875 0.9265625 0.0375 0.146875
0 0.1328125 0.96015625 0.059375 0.0796875
0 0.4640625 0.96328125 0.06875 0.0734375
0 0.53515625 0.96171875 0.0984375 0.0765625
0 0.78671875 0.9578125 0.1015625 0.084375
0 0.8296875 0.97109375 0.084375 0.0578125