0 0.61171875 0.11328125 0.1703125 0.2265625
0 0.28125 0.61796875 0.140625 0.2171875
0 0.18125 0.58984375 0.134375 0.1609375
0 0.3703125 0.60546875 0.109375 0.1921875
0 0.09140625 0.55703125 0.0859375 0.0953125
0 0.07578125 0.534375 0.0859375 0.05
0 0.9546875 0.82890625 0.090625 0.3421875
0 0.8796875 0.85703125 0.13125 0.2859375
0 0.76796875 0.79375 0.1984375 0.4125
0 0.6553337512145208 0.8214460056146077 0.13576949918592582 0.3559909367187634
0 0.515625 0.7671875 0.09375 0.453125
0 0.6267354184228051 0.7511635976938651 0.14736156412073403 0.39412797355046647
0 0.5720206448838547 0.7527862818523797 0.13889449918592583 0.35617294724210713
0 0.93671875 0.7734375 0.1265625 0.35