0 0.14343260770403185 0.2603208689218645 0.10057544119181064 0.33591535668871886
0 0.39140625 0.2 0.0359375 0.221875
0 0.07363102839260438 0.32472185853030433 0.05262403611233468 0.21254355866619043
0 0.24364342802978464 0.3042186983711751 0.05122024881887359 0.08307457995351371
0 0.2850695253973795 0.3467450519578009 0.03257937622353531 0.08488845222957302
0 0.8265625 0.1265625 0.14375 0.253125
0 0.51875 0.15703125 0.140625 0.3140625
0 0.890625 0.33359375 0.125 0.3921875
0 0.63984375 0.4140625 0.1453125 0.23125
0 0.409375 0.5296875 0.4029076609375 0.5296875 0.3920313390625 0.706291521875 0.3860296 0.96106736875 0.3897436015625 0.972135575 0.3936273828125 0.9734593046875 0.409375 0.9731839250000001 0.409375 0.5296875
0 0.090625 0.709375 0.075 0.359375
0 0.184375 0.575 0.05625 0.090625