0 0.03984375 0.10390625 0.0796875 0.2078125
0 0.5653909147523961 0.39907248329459505 0.04260870031656907 0.12323909255827133
0 0.5812288634196128 0.380114152169069 0.04210859514371954 0.10605159255827132
0 0.6170981672596787 0.3790253673226787 0.042244987463587694 0.11073909255827133
0 0.5297943955520663 0.40953626814098537 0.029199418184115443 0.09155258293962465
2 0.52265625 0.26953125 0.0265625 0.0453125
2 0.5819837181967508 0.24512159327606167 0.018233174452321775 0.03653770072563951
2 0.6390625 0.496875 0.03125 0.04375
2 0.653125 0.503125 0.025 0.03125
0 0.25390625 0.73671875 0.2671875 0.4359375
0 0.16015625 0.64921875 0.1453125 0.2609375
0 0.40625 0.759375 0.20625 0.48125