0 0.2828125 0.26206574628756685 0.0921875 0.3286613311856974
0 0.45390625 0.32265625 0.0296875 0.4765625
0 0.7203125 0.13566687275099995 0.034375 0.14238748789975159
0 0.6859375 0.10499813485124838 0.034375 0.06582498789975158
0 0.74296875 0.29673618295765436 0.03125 0.2095568071815924
0 0.28125 0.8859375 0.05 0.2125
0 0.35703125 0.9359375 0.0515625 0.128125
0 0.3921875 0.96640625 0.028125 0.0671875
0 0.18203125 0.92890625 0.0578125 0.1421875
2 0.39375 0.7984375 0.0375 0.0375
2 0.421875 0.8950060321955287 0.05625 0.11126475292686618
2 0.38203125 0.8408679780389985 0.046875 0.0799602107723885
2 0.2203125 0.820395875874258 0.0375 0.06428066861791085
2 0.19453125 0.8389958849494443 0.0421875 0.07680793969514958
0 0.8260891046874999 0.7796875 0.8252777703125 0.7997581734375 0.808244496875 0.97539735625 0.8068029250000001 1 0.8623773140625 1 0.8639812750000001 0.986987434375 0.8729364953125 0.8609465203125 0.8759690375 0.7796875 0.8260891046874999 0.7796875
0 0.5109375 0.88984375 0.059375 0.2203125
0 0.609375 0.87578125 0.04375 0.1921875