0 0.07109375 0.22903156615591946 0.078125 0.34355117694751697
0 0.04765625 0.4890625 0.0609375 0.140625
0 1 0.559375 1 0.0608734609375 0.9944592203125 0.0636812765625 0.99182606875 0.0719737 0.9834091171875 0.178836325 0.9819117296875 0.2441277375 0.9679481046875 0.4203802578125 0.962242690625 0.559375 1 0.559375
0 0.5777177953125 0.559375 0.5745423578125 0.49968644375000004 0.57258398125 0.26478694375 0.577183546875 0.1106066421875 0.5690312750000001 0.0979566375 0.5527319625 0.0948924875 0.5157932234375 0.10119600312499999 0.49076521093750003 0.12438437499999999 0.5066872109375 0.18303135312500002 0.5100683531250001 0.242849034375 0.512388353125 0.3554581265625 0.508122859375 0.47768034843749996 0.5103992078124999 0.559375 0.5777177953125 0.559375
0 0.5175026468749999 0.559375 0.517280771875 0.5510205953125 0.52094891875 0.3787574625 0.5167660828125 0.22998270937499998 0.49234728125 0.1461720890625 0.4933704125 0.13924128281249998 0.5014689828125001 0.13104431562500002 0.5017441218750001 0.05600340625 0.487248715625 0.046022084375 0.446110046875 0.0383548921875 0.43483990781250004 0.047886200000000004 0.434452134375 0.058997310937500005 0.44147246874999996 0.23839580312500003 0.43419128125000006 0.40225741875 0.4407059796875 0.5066013609375 0.44139338281249996 0.559375 0.5175026468749999 0.559375
0 0.66953125 0.35546875 0.0515625 0.4078125
0 0.76640625 0.2758617017075786 0.0390625 0.2991193384737585
0 0.34339111718750004 0.559375 0.33950451406250004 0.6084327265625 0.329072678125 0.8625721203125 0.3325887765625 0.873751415625 0.336444175 0.8752084890624999 0.3700174609375 0.8757948687500001 0.376796840625 0.8606261843749999 0.38374395625 0.72872265 0.3954294203125 0.61774790625 0.3985494203125 0.559375 0.34339111718750004 0.559375
0 0.0421875 0.68046875 0.046875 0.2421875
0 0.94765625 0.7171875 0.0984375 0.315625
0 0.515625 0.7796875 0.11875 0.440625
0 0.4390625 0.734375 0.078125 0.35
0 0.6078125 0.66875 0.053125 0.21875
0 0.69140625 0.63515625 0.0515625 0.1515625