0 0.0390625 0.0828125 0.078125 0.165625
2 0.3953125 0.2984375 0.171875 0.18125
2 0.0703125 0.30859375 0.140625 0.1609375
0 0.54375 0.06484375 0.06875 0.1296875
0 0.78359375 0.18359375 0.1796875 0.3671875
0 0.7328125 0.40859375 0.103125 0.0390625
0 0.77421875 0.4109375 0.0890625 0.04375
0 0.5858279906988842 0.8448995880121114 0.0897646290313853 0.1894448793969957
0 0.6060826786643909 0.8946126745264106 0.09594185442427942 0.18839256242753386
2 0.5671875 0.53046875 0.115625 0.1203125
2 0.6570609435515872 0.6522977577067299 0.12413532092583353 0.12531847758022466
2 0.730710305214577 0.7420142198250032 0.1068022717116218 0.12079047424624463
2 0.7271915070338226 0.6504644486131758 0.09855312406898661 0.11077774545807202
0 0.79140625 0.4375 0.1234375 0.096875