0 0.19453125 0.0890625 0.1984375 0.178125
0 0.30703125 0.04765625 0.1328125 0.0953125
0 0.1265625 0.10078125 0.146875 0.2015625
0 0.43984375 0.24375 0.0984375 0.215625
2 0.12544559935260904 0.20779136039115098 0.11644735376405224 0.09883869480442442
0 0.8946903478697343 0.10433948336420382 0.03934102570316256 0.12247501785690744
0 0.80390625 0.10625 0.0578125 0.2125
0 0.91796875 0.09140625 0.0359375 0.1828125
0 0.95859375 0.0796875 0.0421875 0.159375
2 0.8659007974891735 0.2612031379905865 0.04431768577927464 0.09133411201270895
0 0.4189555188202614 0.6728906603117208 0.09085839923887828 0.313863676947517
0 0.39375 0.48828125 0.05 0.0984375
0 0.3481416586304185 0.5466923989476351 0.05372186068413463 0.1305329797074605
0 0.33572652475176046 0.7024884314150391 0.06025570357377177 0.17592730032431164
0 0.3028211828507062 0.662408902194046 0.06057403855474384 0.18373980032431164
0 0.5329715978697342 0.6509747500032953 0.07316156326932308 0.30106366801906326
0 0.5950869372993305 0.678817331984232 0.0679010603035735 0.2869193474022122
0 0.7927020835352783 0.5784240454596382 0.047564702585188634 0.17102161201270888
0 0.7565390904553604 0.6118911103944463 0.07332338935304641 0.26671594155801354
0 0.7253819323564146 0.6530888547124034 0.06927255931499054 0.2822591209411627
0 0.6466295326604258 0.7349894655072963 0.06325336958138301 0.17285684740221222
0 0.7167337856261753 0.7478382930240063 0.05033687551288217 0.20073638555165907