0 0.36953125 0.19140625 0.1078125 0.2171875
0 0.41015625 0.0328125 0.0953125 0.065625
0 0.2234375 0.0328125 0.096875 0.065625
2 0.17455510119776693 0.1625 0.0651137449116174 0.0796875
2 0.15800941033373556 0.234375 0.09545634215265544 0.0921875
2 0.4331322410664301 0.23671875 0.06626680913596861 0.071875
2 0.11796875 0.265625 0.1921875 0.06875
0 0.68359375 0.15 0.3078125 0.3
0 0.60390625 0.08203125 0.1484375 0.1640625
0 0.7953125 0.15 0.328125 0.3
0 0.9546875 0.1265625 0.090625 0.253125
0 0.925 0.11953125 0.15 0.2390625
0 0.01875 0.76796875 0.0375 0.1109375
0 0.04116822761030452 0.79140625 0.057212713703953 0.1078125
2 0.00546875 0.640625 0.0109375 0.040625
2 0.0705580772261916 0.6515625 0.027292840343633173 0.04375
2 0.01328125 0.90234375 0.0265625 0.0515625
2 0.020870094977730423 0.9109375 0.033952276119281775 0.0515625