0 0.0453125 0.04375 0.078125 0.0875
0 0.0296875 0.0546875 0.059375 0.109375
0 0.01640625 0.06171875 0.0328125 0.1046875
0 0.14609375 0.0375 0.0796875 0.075
0 0.2046875 0.02578125 0.06875 0.0515625
0 0.11015625 0.03125 0.0734375 0.0625
0 0.725 0.02578125 0.08125 0.0515625
0 0.7914473245942306 0.11997011246557668 0.075564716024817 0.18794775025210148
0 0.7149848219287305 0.11673013400500168 0.07538290268936265 0.17232275025210164
0 0.6375 0.03984375 0.065625 0.0796875
0 0.6791467719207763 0.1777822484873907 0.06270108935390813 0.15582366510280748
2 0.8277457145528689 0.4218714660522025 0.03650112133990877 0.05095049480421991
0 0.3125 0.5859375 0.09375 0.071875
0 0.215625 0.60390625 0.109375 0.1078125