0 0.39609375 0.14375 0.1203125 0.2875
0 0.20245908551244457 0.24772080830191334 0.10730575300293062 0.4146533051769672
0 0.4820855771094877 0.19149611120098048 0.05008220752810466 0.19620714206513998
2 0.572465179390665 0.2762890691781929 0.11096135771838504 0.12181335779368574
0 0.8676304407593716 0.223805895190086 0.08355523520843348 0.3290952367752332
0 0.7647083706071474 0.2924487503529359 0.06972354547482604 0.2191742052052021
0 0.96640625 0.18125 0.0671875 0.353125
0 0.7038478305695287 0.1056991792497787 0.06200920456235508 0.1828726841585147
0 0.71328125 0.03984375 0.0578125 0.0796875
0 0.8453125 0.0359375 0.06875 0.071875
0 0.9640625 0.0296875 0.0625 0.059375
0 0.6962475306832594 0.2651119766048254 0.07998988342154752 0.24159523677523326
0 0.1515625 0.70703125 0.06875 0.2953125
0 0.06929641703337545 0.7227277845538028 0.05483337452429895 0.19804265785015546
0 0.2213563241437381 0.6684512662791258 0.03548119665368965 0.14391659997176517
0 0.30546875 0.70078125 0.0765625 0.2828125
0 0.3427511630790427 0.6880063611303934 0.06628021049385424 0.21117969468185843
0 0.26015625 0.64921875 0.0515625 0.1796875
0 0.23125 0.94921875 0.06875 0.1015625
0 0.9000516685162502 0.6648165740163418 0.06395370653952134 0.19233868942018653
0 0.94375 0.70703125 0.078125 0.2953125
0 0.9734375 0.7515625 0.053125 0.30625