0 0.4393194809744654 0.1787685133959759 0.07148120181924558 0.0933602621748646
0 0.5581636803125116 0.22908038474417558 0.03830482878371626 0.08497501785690753
0 0.709576534375 0.409375 0.687394440625 0.3171947859375 0.6456959906249999 0.16613033125 0.629360175 0.0909848671875 0.620086375 0.0830923109375 0.61875 0.08333853125 0.61875 0.2546180375 0.6234289000000001 0.2717729109375 0.652861159375 0.409375 0.709576534375 0.409375
0 0.3885424232831983 0.4777145280064725 0.08797949710451576 0.11238299756436802
0 0.4734375 0.47265625 0.09375 0.1265625
0 0.19935376054397 0.7804788380700167 0.07555227171162171 0.11372730925276535
0 0.57578125 0.8109375 0.0859375 0.1125
0 0.2771598910230974 0.9065680052783011 0.0841267510334573 0.09670345048646745
0 0.14104249276128966 0.653267501624853 0.09524834160399784 0.13436709172016936
2 0.4459954741500399 0.8215230292242885 0.13903257485477488 0.10234552434972918
0 0.6924102477236884 0.5779969460255358 0.11357461827801832 0.3267182329538715
0 0.63359375 0.6015625 0.0296875 0.18125
0 0.85234375 0.55625 0.1265625 0.29375
0 0.766335745242489 0.5368304293864442 0.06091188296032683 0.16811480032431153
0 0.8996576674922301 0.5454496785756653 0.09510710049533806 0.19837504464226868
0 0.6484375 0.56328125 0.059375 0.2109375
2 0.8355952832890491 0.8319559687537073 0.09125004631872749 0.1155625446422686