2 0.11525988543673585 0.23292821301188377 0.07745506242753386 0.08790906615858277
2 0.1478495027057601 0.3316020623479538 0.08985895182646964 0.22073065651766227
0 0.5744122605816678 0.11463168920417033 0.043048111519148335 0.10644998789975162
0 0.5959524207333887 0.10928565905174521 0.04276106909549373 0.12206589754067192
0 0.6342336707333887 0.10950837284919582 0.038615703034417415 0.1095477168225127
0 0.6442465284595154 0.1400498457218328 0.03498052000387934 0.10327953610435348
0 0.534983098762957 0.12847147540671972 0.040305748792052044 0.1111193071815924
2 0.5802642925443409 0.3014731590517453 0.036766418486670636 0.048628397540672094
2 0.5983125330014432 0.23357713192438218 0.02700878121376693 0.04388635538619425
2 0.6144158940615496 0.2469583758742579 0.02337359818322877 0.037618174668035034
0 0.0578125 0.7296875 0.115625 0.540625
0 0.1296875 0.76015625 0.23125 0.4796875
0 0.3484375 0.75859375 0.15625 0.4828125
2 0.26640625 0.78046875 0.1546875 0.4390625
0 0.715403535586517 0.6585231106507516 0.11884456334561797 0.3270988311856975
0 0.8094564245264106 0.6457827370159889 0.1130091515269072 0.3130090601084586
0 0.9089622169500652 0.6619940651766242 0.09601335697722053 0.20046360831306043
0 0.63515625 0.52421875 0.0859375 0.1296875
0 0.5744436957382378 0.6522316831540461 0.08600062818904783 0.19259656615858275
0 0.6234552805855472 0.6837816650036735 0.08093049091614421 0.18788179508134384