0 0.18554890507814523 0.20249509445718794 0.07751732622365459 0.0993849303072194
0 0.12050002872743368 0.23686760525696116 0.07668286831702939 0.11183036660488846
0 0.055860676054245405 0.2782713660567343 0.07898882096198286 0.09787699400955016
0 0.00859375 0.31328125 0.0171875 0.1046875
0 0.53359375 0.04609375 0.0796875 0.0921875
0 0.48203125 0.015625 0.0515625 0.03125
0 0.07890625 0.71875 0.1578125 0.328125
0 0.02109375 0.72421875 0.0421875 0.3140625
0 0.17096057323988284 0.7098909653232457 0.12589318401734034 0.20710815027015245
0 0.77734375 0.76640625 0.2984375 0.4671875
0 0.4984375 0.8515625 0.259375 0.296875
0 0.46328125 0.86796875 0.1890625 0.2640625
0 0.47976788389028346 0.8079812026245559 0.09749516823232493 0.201438503628197
0 0.78359375 0.82890625 0.2265625 0.3421875