0 0.38515625 0.15390625 0.1921875 0.3078125
0 0.08600281928674311 0.24730953833415276 0.1684003381817897 0.30891566191590936
0 0.8578125 0.38125 0.284375 0.5375
0 0.8140625 0.46015625 0.2125 0.3796875
0 0.08046875 0.78671875 0.1421875 0.2734375
0 0.1453275072494625 0.7922703488381363 0.13369345145918138 0.2829609156768331
0 0.03125 0.753125 0.0625 0.184375
0 0.33125 0.69765625 0.0875 0.0953125
0 0.2984375 0.740625 0.134375 0.18125
0 0.27265625 0.7671875 0.1359375 0.234375
0 0.2020501813147349 0.8393332169431096 0.1023232070582587 0.17759145407749272
0 0.2731439313147348 0.8414018337944416 0.09616829544054113 0.1992391335443795
0 0.6485662933427265 0.799071929796091 0.11276379958972597 0.19192673871722904
2 0.66953125 0.67265625 0.1234375 0.0453125