0 0.22890625 0.07265625 0.1359375 0.1453125
0 0.209375 0.09609375 0.096875 0.1921875
0 0.059375 0.19140625 0.11875 0.3796875
0 0.11082786376586654 0.17491520423128507 0.09512027879787102 0.26605224687674217
0 0.7301991013480309 0.3637095386384363 0.08431058243141329 0.19102497579950323
0 0.77109375 0.39296875 0.1109375 0.2921875
0 0.81171875 0.41796875 0.1109375 0.2421875
0 0.90546875 0.478125 0.0859375 0.121875
0 0.94921875 0.4109375 0.1015625 0.25625
0 0.984375 0.38828125 0.03125 0.3015625
0 0.8559006030150208 0.3558430173648057 0.0679525166698994 0.0862920240041051
0 0.3932899352772562 0.8590185352205907 0.06202125212603189 0.12842498184962742
0 0.2288767489127382 0.8815106378763105 0.07232102333785928 0.12067611436318479
0 0.07057017027434673 0.9345214875069681 0.07350088606495557 0.11599770472226431
0 0.6414878034643644 0.7936697494108248 0.14942488364905965 0.33820904800821017
0 0.492030066341242 0.8436055960164204 0.11259482122152567 0.2505363311856975
0 0.81796875 0.85625 0.1390625 0.2875
0 0.9244916221008163 0.7929713544042356 0.10580268728260193 0.26299087939029936
0 0.55234375 0.86953125 0.1296875 0.2609375