0 0.00703125 0.14375 0.0140625 0.1
0 0.07421875 0.13565239164565362 0.0578125 0.10628169303247778
0 0.978125 0.13671875 0.04375 0.1328125
0 0.8453125 0.31704578391952704 0.0453125 0.13182382697140155
0 0.81484375 0.60390625 0.0546875 0.1703125
0 0.0265625 0.84453125 0.053125 0.3109375
0 0.1125 0.84453125 0.128125 0.3109375
0 0.23984375 0.846875 0.0890625 0.30625
0 0.35546875 0.84453125 0.1078125 0.3109375
0 0.2984375 0.80078125 0.078125 0.2234375
0 0.91640625 0.79375 0.0734375 0.209375
0 0.98203125 0.79921875 0.0359375 0.2203125
0 0.859375 0.82578125 0.078125 0.2734375
0 0.8 0.8609375 0.075 0.278125
0 0.73515625 0.86953125 0.0796875 0.2609375
0 0.6734375 0.890625 0.0875 0.21875