0 0.040625 0.0796875 0.08125 0.159375
0 0.46484375 0.2171875 0.0484375 0.25625
0 0.11182287158287148 0.4060525458567894 0.1377514441095366 0.21926028896022576
0 0.690625 0.028125 0.090625 0.05625
0 0.5862452560787508 0.131235957790068 0.11064213996249954 0.21254663879807012
0 0.68984375 0.165625 0.1390625 0.33125
0 0.7949080651267602 0.19669118262626456 0.13733992393999941 0.3393818741875734
0 0.79375 0.03515625 0.08125 0.0703125
0 0.93046875 0.0171875 0.0671875 0.034375
0 0.946875 0.07421875 0.090625 0.1484375
0 0.8708362866158806 0.2410508831127319 0.10820064514629593 0.22030459172016936
0 0.94296875 0.21171875 0.1140625 0.2390625
0 0.5921875 0.05234375 0.075 0.1046875
0 0.9234375 0.72578125 0.078125 0.1515625