0 0.33203125 0.125 0.1609375 0.25
0 0.20281245363604627 0.14776795115233837 0.10224209019601868 0.20343261646291477
0 0.40390625 0.19609375 0.0921875 0.2796875
0 0.66497660625 0 0.665086671875 0.0522811421875 0.6528479203125 0.1108505546875 0.6259166015625001 0.2199252515625 0.5901605 0.3363250140625 0.555872521875 0.4796875 0.6245131328125 0.4796875 0.6336148625 0.446349415625 0.6483566015625 0.3769564546875 0.707306178125 0.150273240625 0.7516600546875 0.0032090624999999997 0.7506538734375 0 0.66497660625 0
0 0.6076627718750001 0 0.5880123640624999 0.08647788281249999 0.5385715453125 0.24207588124999999 0.5178159875 0.344422984375 0.48332134687500006 0.4796875 0.5631173671875 0.4796875 0.5799769375 0.4096025296875 0.6281178281249999 0.24485943125 0.662623175 0.1004268890625 0.6608374375 0.0126021359375 0.663616603125 0.0062302640625 0.673530203125 0.000711425 0.6737244312499999 0 0.6076627718750001 0
0 0.7765625 0.26953125 0.1625 0.4203125
0 0.9113814109851077 0.13669101028830694 0.07026291469812271 0.13625176051544957
0 0.3015625 0.96875 0.075 0.0625
0 0.31484375 0.9765625 0.0671875 0.046875
0 0.26640625 0.95546875 0.0734375 0.0890625
0 0.24296875 0.9625 0.0703125 0.075
0 0.1984375 0.965625 0.075 0.06875
2 0.2654984481937507 0.8464267791714996 0.03779266587924912 0.05500840456798421
2 0.347229597830931 0.8593196048158115 0.031324411069925694 0.04843085594746519
0 0.875 0.759375 0.25 0.48125
0 0.5140625 0.73984375 0.128125 0.5203125
0 0.5684523226031876 0.7434212878779268 0.17141870924797792 0.44256371551297524
0 0.6866790221477006 0.6525649937799636 0.109057574586922 0.26461577792830404