2 0.07578125 0.09140625 0.1515625 0.1828125
2 0.03046875 0.2625 0.0609375 0.228125
2 0.13206500603973997 0.2503508870435881 0.1412302621279716 0.1863203595655099
0 0.53984375 0.1203125 0.1203125 0.240625
0 0.5723394486131758 0.12685583333468645 0.1250311772806622 0.21658771370395283
0 0.696875 0.02578125 0.128125 0.0515625
0 0.25078125 0.625 0.1578125 0.271875
0 0.2932244862050385 0.639014996609098 0.1441635566776581 0.29849281094499086
0 0.3202496296868599 0.7177231727738084 0.13753091940475456 0.2934777623244719
0 0.35079812801987 0.7246791796712133 0.13064319061658178 0.28533771370395283
0 0.2359375 0.97109375 0.1375 0.0578125