0 0.49140625 0.06328125 0.1046875 0.1265625
0 0.54296875 0.09765625 0.1078125 0.1953125
0 0.584375 0.0953125 0.075 0.190625
0 0.69140625 0.09375 0.1046875 0.1875
0 0.7453125 0.07578125 0.10625 0.1515625
0 0.140625 0.42890625 0.08125 0.1984375
0 0.2078125 0.4828125 0.10625 0.30625
0 0.2527610063347131 0.5533379167329515 0.10945653417751763 0.32616360534690847
0 0.3200287258516122 0.4439271014083147 0.05598923871722885 0.09905566534054522
0 0.281888565189344 0.5997862027370877 0.08136497492717538 0.21962270401018139
0 0.3921875 0.55546875 0.09375 0.3234375
0 0.4234375 0.50859375 0.03125 0.3203125
0 0.4922961824363875 0.6033373693904973 0.07692151583511767 0.17427384134309049
0 0.45078125 0.7828125 0.0234375 0.2125
0 0.5330933640148452 0.785904968730088 0.11450774703049901 0.33871814934754474
0 0.5725125313410308 0.5323714360677696 0.06663723370266403 0.14291475334181775
0 0.6487494562555709 0.8130407280792238 0.11294524703049902 0.3386999680139994
0 0.6172590785171792 0.6329259667409056 0.0734949874635877 0.11019316000954502
0 0.7294384812618885 0.5646765007558596 0.05952341567683313 0.11315452800763603
0 0.7656822066512823 0.6620060340944957 0.07839308762187222 0.17116702267663583
0 0.7344907279631833 0.8476435420909958 0.09230247492717539 0.21974997334499946