0 0.090625 0.2125 0.18125 0.425
0 0.26484375 0.24453125 0.2421875 0.4890625
0 0.61796875 0.0578125 0.2078125 0.115625
0 0.7484375 0.05234375 0.190625 0.1046875
0 0.9046875 0.13828125 0.190625 0.2765625
0 0.821875 0.07890625 0.203125 0.1578125
0 0.13359375 0.71328125 0.2671875 0.4484375
0 0.09375 0.64140625 0.1875 0.3046875
0 0.2015625 0.60703125 0.2 0.2359375
0 0.31796875 0.5203125 0.1203125 0.0625
0 0.90078125 0.69765625 0.1984375 0.3453125
0 0.7838172365438744 0.7654419051703774 0.22648941542211815 0.33509387749004843