0 0.01171875 0.3375 0.0234375 0.284375
0 0.02109375 0.4265625 0.0421875 0.165625
0 0.864215473461812 0.0890625 0.03682835518980241 0.153125
0 0.9402643681738138 0.17734375 0.04152494554888229 0.1546875
0 0.9657047297083281 0.2359375 0.04011698165323559 0.18125
0 0.8267791059753694 0.078125 0.03983518052176756 0.1328125
0 0.7937529825369984 0.11484375 0.030496541958085998 0.1390625
0 0.7368666574014252 0.22421875 0.03361245159900648 0.1375
0 0.1078125 0.83203125 0.15625 0.3359375
0 0.02421875 0.86796875 0.0484375 0.2640625
0 0.2296875 0.90234375 0.11875 0.1953125
0 0.27421875 0.82734375 0.0703125 0.3453125
0 0.64609375 0.66796875 0.1234375 0.3171875
0 0.740625 0.7546875 0.215625 0.490625
0 0.92109375 0.7546875 0.1578125 0.490625