2 0.3609375 0.01640625 0.1 0.0328125
2 0.4234375 0.10390625 0.071875 0.0796875
0 0.10859375 0.71953125 0.2171875 0.5609375
0 0.33203125 0.57109375 0.2546875 0.5421875
0 0.0625 0.70546875 0.125 0.4390625
0 0.34453125 0.6015625 0.2296875 0.515625
0 0.8824404500092887 0.6275698089951665 0.2122472717948316 0.4422524740210996
0 0.7660584334125492 0.6671236179134583 0.1914127083076586 0.37240986758448213
0 0.7405265597621954 0.7136761898212004 0.1889981033286368 0.3815663462971587
0 0.96015625 0.57109375 0.0796875 0.3703125
0 0.8876043145360801 0.7889989818916442 0.18516270830765863 0.37197282500983525
0 0.92265625 0.63671875 0.1546875 0.4296875