0 0.5109375 0.03125 0.025 0.0625
0 0.6906837172104558 0.317016633082161 0.06533283016686778 0.20471624373179384
0 0.76015625 0.33203125 0.0703125 0.2734375
0 0.821875 0.35625 0.075 0.225
0 0.86640625 0.409375 0.0609375 0.11875
0 0.97109375 0.35234375 0.0578125 0.2328125
0 0.9890625 0.325 0.021875 0.2875
0 0.390596265265148 0.6176280500126353 0.07381371551297526 0.15815949247815259
0 0.3303680941888203 0.6620396280675961 0.061805038443753624 0.16717077962517113
0 0.5012062166446289 0.6271060015828457 0.0747144742194024 0.1753469924781526
0 0.19780125565420956 0.6534876790046682 0.05211577792830404 0.10136392319868044
2 0.6557885753056277 0.5847557140401156 0.03880355042954129 0.05573317445232169