0 0.053484540985163066 0.1417362158001009 0.042963032183086725 0.08074725544788164
0 0.06843146983372561 0.33303320515643914 0.07319683540139543 0.09063570767745457
0 0.652948581466123 0.2804759237296571 0.12958821907742113 0.29671074505632156
0 0.5963982966851462 0.22397990529232512 0.13016737328446534 0.2827575056999832
0 0.7138585843161147 0.33195666023600373 0.10151821337743776 0.18435285668871906
0 0.8040522595583809 0.24086213065080697 0.10537518689433423 0.21727461733238068
0 0.5250096157428967 0.20227950393527236 0.11565712303236389 0.20866444183801275
0 0.28203125 0.90078125 0.0953125 0.1953125
0 0.30390625 0.740625 0.0515625 0.1375
0 0.25269185535133654 0.8595346290613233 0.09279877723940819 0.19307229282674854
0 0.38828125 0.81484375 0.1171875 0.3703125
0 0.48671875 0.79453125 0.1578125 0.3296875
0 0.528125 0.83046875 0.140625 0.3390625
0 0.646875 0.81484375 0.20625 0.3703125
0 0.765625 0.85625 0.140625 0.2875
0 0.8921875 0.83203125 0.203125 0.3359375
0 0.81796875 0.68984375 0.0796875 0.1203125