0 0.2359375 0.015625 0.096875 0.03125
0 0.31171875 0.04140625 0.1046875 0.0828125
0 0.2033506950169805 0.3515796051771888 0.10808528763096845 0.12203329117755643
2 0.08401046915429555 0.28507562075489246 0.14660148441265974 0.11672402991878954
0 0.51875 0.09375 0.10625 0.1875
0 0.540625 0.1484375 0.146875 0.296875
0 0.5546125462578178 0.2078239034514592 0.1475405435830531 0.3081104935215951
0 0.6069402347416359 0.31241007633813345 0.10718905917039337 0.1981952729789592
0 0.688288423729657 0.2713228038205995 0.1621493468013618 0.3168241594684389
0 0.7646541817754288 0.2565977722037669 0.14888452229572965 0.3050856230712444
0 0.6320762645789342 0.14372992751015268 0.07497785668871888 0.0934682001845701
0 0.05703125 0.7875 0.1140625 0.25625
0 0.12421875 0.8125 0.1640625 0.30625
0 0.28046875 0.7265625 0.1046875 0.134375
0 0.19279025343106931 0.8628885425618325 0.12623399011264275 0.2258591980251019
0 0.273499304051488 0.8421638348191232 0.11384325075630457 0.2266206616279071
0 0.5332735057768578 0.7825876642488009 0.1172196230323638 0.20817105027685515
0 0.75859375 0.9078125 0.1015625 0.184375
0 0.89140625 0.75703125 0.1078125 0.1953125
2 0.865625 0.67109375 0.0875 0.0234375