0 0.10651619601894521 0.68671875 0.08695016964062105 0.3265625
0 0.2104497195578956 0.68828125 0.08357970779006792 0.3125
0 0.30529461525582435 0.70625 0.07690123944669303 0.1984375
0 0.0171875 0.56328125 0.034375 0.1328125
0 0.03968938595540106 0.48359375 0.043605724025417555 0.08125
0 0.251431455354436 0.5296875 0.05102848620028233 0.1484375
0 0.592753704947399 0.78828125 0.07289557792045169 0.2375
0 0.8338735827884204 0.771875 0.0816160129856435 0.2
0 0.55078125 0.95625 0.0640625 0.0875
2 0.5703763242670037 0.58046875 0.07397506249917604 0.1203125
2 0.827947316556366 0.521875 0.1390739569792892 0.1796875