0 0.384375 0.134375 0.125 0.26875
0 0.3005374440244989 0.12563734002638266 0.07440220536281679 0.21969743030721936
0 0.5063890967138616 0.285704276872206 0.09635102538190701 0.36103175843752044
0 0.8957334073838158 0.23885659184048116 0.067752216024817 0.18510417549789598
0 0.9455248693904974 0.2863565852170593 0.07979877737108917 0.28079862141421186
0 0.98828125 0.41171875 0.0234375 0.1890625
0 0.971875 0.33203125 0.05625 0.2890625
0 0.5125 0.68515625 0.159375 0.3515625
0 0.39296875 0.6296875 0.1046875 0.240625
0 0.275 0.66171875 0.153125 0.3046875
0 0.15546875 0.60390625 0.1109375 0.1890625
0 0.03828125 0.59375 0.0765625 0.16875
0 0.60625 0.61953125 0.1125 0.2203125
0 0.49453125 0.5734375 0.1109375 0.128125
0 0.8546875 0.6828125 0.1625 0.346875
0 0.903125 0.7546875 0.19375 0.490625