0 0.35625 0.04453125 0.08125 0.0890625
0 0.40546875 0.0515625 0.0640625 0.103125
0 0.453125 0.0828125 0.059375 0.165625
0 0.48671875 0.07890625 0.0546875 0.1578125
2 0.3984375 0.50390625 0.06875 0.1109375
0 0.02421875 0.20546875 0.0484375 0.3140625
0 0.0109375 0.29921875 0.021875 0.3328125
0 0.47372660543091677 0.3810272862937567 0.06045823637421641 0.28409158008391255
0 0.92214403125 0 0.9148362656250001 0.0459509265625 0.8778656921875001 0.3411954765625 0.8536326953125 0.559375 0.9024535546875001 0.559375 0.9132007296874999 0.46217232499999994 0.9286598203124999 0.36864343125 0.95448234375 0.1155243078125 0.9695268671874999 0 0.92214403125 0
0 0.5939907922544767 0.3157495188718246 0.09716049516820799 0.4483675676363578
0 0.1859375 0.6453125 0.0625 0.171875
0 0.30505570907415736 0.7056828215618282 0.040783980914204675 0.1381870842330975
0 0.2615446961972799 0.6585127462518005 0.038998340307320946 0.1163120842330974
0 0.35027261422490846 0.7224433464569374 0.040624484248184344 0.15525618506293454
0 0.025862545588456687 0.749354924265765 0.036893706368397436 0.1285752858927715
0 0.01796875 0.96796875 0.0359375 0.0640625
0 0.02136687997672402 0.8995441784149498 0.036096738790112326 0.06174298340326061
0 0.321875 0.91953125 0.059375 0.1609375
0 0.2453125 0.97578125 0.04375 0.0484375
0 0.55078125 0.5875 0.0234375 0.05625
0 0.54140625 0.83203125 0.0046875 0.0703125