0 0.54296875 0.04140625 0.0640625 0.0828125
0 0.5828125 0.0625 0.06875 0.125
0 0.2086292584462842 0.22719993937771205 0.07214308762187223 0.17265873920022673
0 0.237933976709542 0.10700649046617113 0.0472219924781526 0.06720734736759475
0 0.5109375 0.2453125 0.1 0.1875
0 0.4265625 0.2875 0.06875 0.103125
0 0.3796875 0.30703125 0.05625 0.0640625
0 0.8375 0.06953125 0.1375 0.1390625
0 0.8734375 0.053125 0.103125 0.10625
0 0.3515625 0.55546875 0.1875 0.4328125
0 0.32993858643473806 0.5047817915546303 0.10936560596427239 0.3253670769491748
0 0.38671875 0.58671875 0.1890625 0.4953125
0 0.6362220271843957 0.6218354046161397 0.18229830377355896 0.4715178798517323
0 0.69765625 0.6546875 0.1234375 0.4625
0 0.73203125 0.69453125 0.0546875 0.3140625
0 0.4752283543814267 0.5106374658713999 0.0741769490629279 0.13526786660488846
0 0.98046875 0.85546875 0.0390625 0.1296875
0 0.9614192893250966 0.8627207771266601 0.06167694906292791 0.1348313569862416
0 0.9125726123654925 0.8750918023544034 0.05037573620994644 0.1219494110699257
2 0.9796875 0.69609375 0.040625 0.0671875
2 0.9796875 0.99453125 0.040625 0.0109375