0 0.2771003312985215 0.13190811363426663 0.06305327792830413 0.10100912094116259
0 0.55390625 0.16484375 0.2484375 0.3296875
0 0.47109375 0.203125 0.1328125 0.253125
0 0.69296875 0.2046875 0.2265625 0.25
0 0.91015625 0.20390625 0.1484375 0.2515625
0 0.8453125 0.2296875 0.1375 0.2
0 0.6280033327688596 0.6054877098186628 0.06887390999505119 0.18228639448011297
0 0.6762870245374021 0.6540303498345489 0.08176341361309589 0.27929776217486457
0 0.7407888585494571 0.7810525458567894 0.07232645861557022 0.18859094155801354
0 0.7995120833346865 0.8094463271063775 0.06649253844375362 0.16663412094116267
0 0.846616134668739 0.7312900994275118 0.08250039800926352 0.2933602621748646
0 0.8945932892367232 0.6961571688265469 0.09384733378491247 0.301363676947517
0 0.9470532259168831 0.6650123088424329 0.060399668701478504 0.19931025324641088
0 0.7175804098835096 0.7016690089251585 0.08842284938874449 0.2872193563306659