0 0.08532549379474705 0.32674136054711667 0.1295591832079957 0.27381954827463006
0 0.0625 0.33515625 0.125 0.2890625
2 0.025 0.39453125 0.05 0.1703125
0 0.875 0.2640625 0.25 0.43125
0 0.834375 0.31796875 0.184375 0.3234375
0 0.5765625 0.73984375 0.084375 0.5203125
0 0.24375 0.73984375 0.321875 0.5203125
0 0.15859375 0.73984375 0.2859375 0.5203125
0 0.31328125 0.6984375 0.1765625 0.4375
0 0.42265625 0.5796875 0.0859375 0.2
0 0.57109375 0.78359375 0.0953125 0.4328125
0 0.73203125 0.7953125 0.2265625 0.409375
0 0.91015625 0.8546875 0.1796875 0.290625
0 0.6546875 0.81640625 0.071875 0.3671875
0 0.7770592295267233 0.7695133685928883 0.18320222166884043 0.4224098675844822
0 0.89140625 0.7984375 0.2171875 0.403125