0 0.46398681830144584 0.15597951969730142 0.14440483590559855 0.23803319368794007
0 0.24239604156624078 0.2055178991645162 0.13924744234221578 0.25340352570316255
0 0.6546875 0.13046875 0.190625 0.2609375
0 0.865625 0.1546875 0.19375 0.309375
0 0.1765625 0.7390625 0.278125 0.340625
0 0.10859375 0.678125 0.2171875 0.21875
0 0.5787602404416191 0.8121724643738247 0.04652507475773362 0.08603034190105419
0 0.56953125 0.628125 0.0390625 0.096875
0 0.6060214989915937 0.6451295444118808 0.04260239926336595 0.09677684091247105
0 0.6777490335204691 0.6554502790888416 0.03827553218308673 0.0794620069200822
0 0.6800442349937373 0.8454386091268976 0.06829081411407181 0.08535917984777566