0 0.1265625 0.14609375 0.1875 0.2921875
0 0.0328125 0.13359375 0.065625 0.2671875
0 0.06484375 0.121875 0.0953125 0.24375
0 0.8321161984375 0 0.80387220625 0.1136050328125 0.75088764375 0.366081053125 0.75246804375 0.37758005781250004 0.7560165765625 0.3794145640625 0.788951965625 0.383317796875 0.798172265625 0.36885691249999997 0.8271804921874999 0.2379682 0.8573328609375 0.128424534375 0.885216440625 0.003058390625 0.8857928062500001 0 0.8321161984375 0
0 0.52109375 0.12890625 0.1359375 0.2578125
0 0.4390625 0.5 0.412189446875 0.5 0.408125384375 0.51637770625 0.3956767 0.5813586703125 0.35230970625 0.7557925328125 0.30106038125 1 0.349057484375 1 0.37561799218749997 0.8801556999999999 0.4057703609375 0.7706120343749999 0.433653940625 0.6452458906249999 0.4390625 0.6165462828124999 0.4390625 0.5
0 0.065625 0.6984375 0.11875 0.396875
0 0.1734375 0.6265625 0.090625 0.253125
0 0.70078125 0.66015625 0.1171875 0.3203125
0 0.7996980155108779 0.6516713630812303 0.0882406703877141 0.2203708498097196
0 0.58671875 0.6609375 0.1140625 0.321875
0 0.4734375 0.696875 0.06875 0.23125
0 0.478125 0.54296875 0.075 0.0859375
0 0.76875 0.5265625 0.075 0.053125