0 0.3296875 0.40546875 0.078125 0.2421875
0 0.4934816241908687 0.24501460167376116 0.09417056006354425 0.2036522408266178
0 0.5892947305215348 0.172127068398078 0.08386825973923262 0.15047269867214014
0 0.529935547081196 0.34992481547121174 0.07098643019392785 0.12852497579950323
0 0.5249189902640626 0.5030361799325924 0.09170012499835245 0.24113406010845856
0 0.49519057995563714 0.5052072131100795 0.09490694561520333 0.2458397408266178
0 0.19695763149776466 0.8083407825883121 0.03272277110331832 0.08455680718159223
0 0.1640625 0.953125 0.065625 0.09375
0 0.1796875 0.9703125 0.059375 0.059375
0 0.11953125 0.96328125 0.0515625 0.0734375
0 0.09609375 0.953125 0.0546875 0.09375
0 0.0453125 0.95546875 0.065625 0.0890625
2 0.11248717411143846 0.8133186531980128 0.04034435633066593 0.07366475897699054
2 0.20207182549141028 0.8286850988450908 0.02907957386326192 0.054851126463433174
0 0.5234375 0.865625 0.13125 0.26875
0 0.4375 0.91640625 0.1375 0.1671875
2 0.6682322082004004 0.9303481136758137 0.07970686525911966 0.0910795179539809