0 0.05703125 0.028125 0.0515625 0.05625
0 0.215625 0.04140625 0.0625 0.0828125
0 0.140625 0.02734375 0.046875 0.0546875
0 0.01015625 0.2625 0.0203125 0.1125
2 0.215625 0.2921875 0.0625 0.053125
0 0.39869748517125236 0.065059903193211 0.02346667490485981 0.03995383794672147
0 0.48640573220550287 0.08271958847819412 0.023530341901054186 0.04151633794672147
0 0.33515625 0.55703125 0.0296875 0.4765625
0 0.4046544416364116 0.9047564145619175 0.020336357718385045 0.11626166996194395
0 0.4250133625869387 0.8852397520143473 0.025695019771663486 0.09464133794672147
0 0.4580977766173836 0.8991085924325268 0.031082856729801732 0.11201983893530461
2 0.3899128038034209 0.7672099936113904 0.017280341901054187 0.041261669961943956
2 0.46320572376536484 0.7545455089344296 0.01559050790866543 0.03807300296574958