0 0.01328125 0.23359375 0.0265625 0.1546875
0 0.03559118272343102 0.14050759212391117 0.06338082654882307 0.10725912094116259
2 0.07786281264247155 0.3336087556787476 0.07457727611928178 0.05281708279171564
2 0.05692287087392902 0.2855434025944925 0.05336401741285464 0.035275026785361166
2 0.0140625 0.04140625 0.028125 0.0546875
0 0.78515625 0.29453125 0.0703125 0.3296875
0 0.8669020584586 0.23873658644186832 0.06276110809517181 0.3039432061685101
0 0.5890625 0.23125 0.1 0.45625
0 0.665625 0.27109375 0.140625 0.3765625
0 0.01484375 0.61796875 0.0296875 0.3171875
0 0.11640625 0.65234375 0.0921875 0.3859375
0 0.2421875 0.6203125 0.0625 0.321875
0 0.36875 0.65390625 0.090625 0.3890625
0 0.32109375 0.58359375 0.0453125 0.2484375