0 0.03828125 0.07265625 0.0765625 0.1453125
0 0.284375 0.05234375 0.071875 0.1046875
0 0.7476547663436708 0.27385841950426376 0.08050473010335964 0.20976745658477522
0 0.8642822594038405 0.22506791534762866 0.11195259407530536 0.33544941818411544
0 0.959375 0.1953125 0.08125 0.328125
0 0.9796875 0.0453125 0.040625 0.090625
0 0.75234375 0.034375 0.0734375 0.06875
0 0.71640625 0.0796875 0.0734375 0.159375
0 0.6930883798541911 0.22848373502281216 0.08765589605020363 0.2240118130112659
0 0.06772503932263003 0.8890909629194883 0.05778912091177606 0.17167642319868043
0 0.08340010409745471 0.8894175718532615 0.05053782541528271 0.15586956677218974
0 0.02578125 0.87734375 0.0515625 0.1640625
0 0.0171875 0.89609375 0.034375 0.1546875
2 0.031079733185678648 0.7203098706787627 0.02634125693983016 0.04599446159934022
2 0.0859375 0.99375 0.034375 0.0125
0 0.70390625 0.840625 0.2140625 0.31875
0 0.62578125 0.8109375 0.1734375 0.378125
0 0.79609375 0.85234375 0.1296875 0.2953125
0 0.8513061883074944 0.7325514579049235 0.06752506631598418 0.15324467194503918