0 0.06015625 0.49296875 0.1203125 0.3484375
0 0.16469293465485943 0.44990712165373703 0.13108990746575647 0.2667464261954198
0 0.5354343084386912 0.30382659513361626 0.11453760714144501 0.21271137357870132
0 0.5949689955324778 0.35432014782092197 0.14758766071216733 0.3176564788121382
0 0.641495168015768 0.42121224523243833 0.15564562256272046 0.33217400512049744
0 0.6745219021874554 0.47637788736816533 0.11149442775829606 0.21721686305535748
0 0.7942343843305479 0.43499548221943307 0.1427637930174157 0.30957096302712267
0 0.8442383384704633 0.38750656121509797 0.14429901947846524 0.3080994682887946
0 0.0796875 0.928125 0.134375 0.14375
0 0.153125 0.9734375 0.065625 0.053125
0 0.22578125 0.94765625 0.1453125 0.1046875
0 0.19765625 0.96015625 0.0890625 0.0796875