0 0.05390625 0.32578125 0.1078125 0.2390625
0 0.26640625 0.10703125 0.1046875 0.2140625
0 0.35 0.0859375 0.10625 0.171875
0 0.57109375 0.384375 0.1390625 0.290625
0 0.6421875 0.30546875 0.075 0.1828125
0 0.871875 0.26484375 0.25625 0.5296875
0 0.78671875 0.26484375 0.2140625 0.5296875
0 0.91171875 0.19296875 0.1484375 0.3859375
0 0.95625 0.05859375 0.0875 0.1171875
0 0.1598990640202082 0.6373216345961552 0.06591855357097227 0.15051521046687397
0 0.2484375 0.91171875 0.090625 0.1765625
0 0.16875 0.91796875 0.09375 0.1640625
0 0.09082175569958321 0.6553883661097165 0.0646106267092362 0.1613617052052021