0 0.28984375 0.28515625 0.0921875 0.1296875
0 0.434375 0.29609375 0.08125 0.1078125
0 0.4984375 0.30859375 0.075 0.0828125
0 0.22890625 0.29296875 0.0828125 0.1140625
0 0.21484375 0.325 0.0703125 0.05
0 0.12421875 0.45390625 0.0796875 0.2078125
0 0.07421875 0.6015625 0.1171875 0.503125
0 0.35859375 0.87890625 0.0984375 0.2421875
2 0.15927306527482 0.6928521218775481 0.09464994554888229 0.1579613221398514
2 0.04375 0.51796875 0.0875 0.1609375
0 0.96953125 0.52890625 0.0609375 0.3296875
0 0.88515625 0.4078125 0.0671875 0.115625
0 0.8412856136758137 0.5311358610777749 0.06830561416679296 0.19453373920022693
0 0.8938066256778662 0.5597767270496912 0.0635817527304745 0.18812004809323427