0 0.5296875 0.15390625 0.01875 0.1390625
0 0.52109375 0.40234375 0.0359375 0.1609375
0 0.4940248523363627 0.40946495099027647 0.04471676959604132 0.1441792269557407
0 0.4634424420698059 0.41070553077347094 0.05175637978345584 0.11830023213953691
0 0.209375 0.6203125 0.1125 0.2625
0 0.25234375 0.653125 0.1140625 0.328125
0 0.1875 0.57734375 0.06875 0.1765625
0 0.49609375 0.62578125 0.0859375 0.2734375
0 0.44296875 0.57109375 0.0765625 0.1640625
0 0.8873048055559256 0.7883329532993507 0.08966555674305994 0.13564355702175918
0 0.828130730866177 0.9108238164943971 0.07795516693047429 0.10812414976444415
0 0.6382869808661771 0.8942146405281474 0.07408602084968248 0.13583904665416657
0 0.7192845797708205 0.8292430428844899 0.08136967194503911 0.06478425287472209