2 0.21953125 0.0515625 0.0890625 0.103125
2 0.2354042768730566 0.20363350683713763 0.12097889988706054 0.12806084030732112
2 0.2734375 0.3921875 0.103125 0.153125
0 0.7295344374952223 0.22396224016723815 0.029732273606936133 0.08329073212215263
0 0.75546875 0.40546875 0.0515625 0.1265625
0 0.77734375 0.41796875 0.0421875 0.1015625
0 0.7109375 0.40078125 0.046875 0.1359375
0 0.68984375 0.4078125 0.0453125 0.121875
0 0.6375 0.421875 0.046875 0.09375
2 0.6539583138459338 0.254686339558415 0.041140210466874015 0.06556109818322878
2 0.7403886375093398 0.23976258334949724 0.026713689420186527 0.058163186364518005
0 0.125 0.9375 0.08125 0.125
0 0.2359375 0.88984375 0.115625 0.2203125
0 0.35390625 0.88515625 0.1078125 0.2296875
0 0.45859375 0.91875 0.0828125 0.1625
0 0.41116022397398944 0.7598512980528442 0.06809609456891899 0.18128169303247788
0 0.2648088687405524 0.7793033154716498 0.07545356826055957 0.1741069218206505
0 0.13402930560049028 0.7874670175879833 0.07507413666229379 0.19429187606301604
0 0.34881141339417604 0.6982443762321938 0.0674590577372161 0.1703441930324779
0 0.17863542128668378 0.6819981386500295 0.05095482622365468 0.10057382697140156
0 0.4765625 0.89296875 0.046875 0.2140625
0 0.08203125 0.9109375 0.0859375 0.178125
0 0.5692024241998684 0.652007620772182 0.13528213652111942 0.34693838606495575
0 0.7465091058687215 0.7614617244154227 0.12627115756780682 0.35242311151914835
0 0.8518329136765246 0.6782184029040329 0.09497638396087069 0.26900483363936123
0 0.51953125 0.75546875 0.0390625 0.3359375