0 0.25859375 0.28671875 0.1171875 0.1453125
0 0.52109375 0.2765625 0.1015625 0.165625
0 0.2625 0.06796875 0.09375 0.1359375
0 0.5359375 0.09140625 0.10625 0.1828125
2 0.4546875 0.025 0.0875 0.05
0 0.69453125 0.3171875 0.1640625 0.084375
0 0.6125 0.29765625 0.046875 0.1140625
0 0.6658388954049681 0.18868234758449506 0.07516352698730663 0.11601745658477522
0 0.7399376770838517 0.2597282849689405 0.10420617080279086 0.17455738229073817
0 0.0855572716162996 0.8307441639609735 0.04340007475773362 0.08546613855894432
0 0.13984375 0.96015625 0.0859375 0.0796875
0 0.16640625 0.971875 0.0765625 0.05625
0 0.1015625 0.98125 0.06875 0.0375
0 0.07265625 0.97734375 0.0734375 0.0453125
2 0.01875 0.8578125 0.0375 0.071875
2 0.0962598248346083 0.8232271806540208 0.033074579953513705 0.04930131802583091
0 0.61171875 0.91484375 0.0453125 0.1109375
0 0.6015625 0.89609375 0.025 0.1234375