0 0.33984375 0.15234375 0.1828125 0.3046875
0 0.25874014917384414 0.25737086322277747 0.17010918039203737 0.4005117591180557
0 0.55 0.4390625 0.021875 0.084375
0 0.6117139040679855 0.6150521573913537 0.07620537985173251 0.17038654160312489
0 0.6387947592401286 0.6292776583412844 0.0663393065307547 0.1561058360560416
0 0.5734375 0.640625 0.059375 0.1375
0 0.5578125 0.6359375 0.0375 0.14375
2 0.5545214190441101 0.43264035410472185 0.02981647477225664 0.049092116641249996
0 0.6253274484482046 0.8614037465815276 0.11205359981466553 0.21337412860909738
0 0.7328125 0.8546875 0.14375 0.290625
0 0.8375 0.84921875 0.14375 0.2796875
0 0.9332118703179036 0.8339086473233674 0.1107639183263199 0.2211502610179167
0 0.9671875 0.7953125 0.065625 0.171875