0 0.04291684532047402 0.4189680902320914 0.055152246720639654 0.13066350180902225
0 0.17709377148518435 0.44543765773580296 0.07160276232447202 0.11750176051544958
0 0.44296875 0.16328125 0.1140625 0.3265625
0 0.55625 0.14375 0.115625 0.2875
0 0.65390625 0.096875 0.0828125 0.19375
0 0.1828125 0.75 0.1375 0.1625
0 0.27734375 0.7421875 0.1359375 0.146875
0 0.32734375 0.71328125 0.0859375 0.0890625
0 0.855015996875 0.66875 0.8586178656250001 0.7507390578125 0.8650943515625 0.8147561609375 0.8726953015625 0.98963465 0.873549921875 1 0.92975765 1 0.9295354484375 0.9870783671875 0.92084285 0.8623935140625001 0.9049286484374999 0.7099342203125 0.9029971953124999 0.66875 0.855015996875 0.66875
0 0.47059556718749995 1 0.459909365625 0.920147296875 0.4456750703125 0.7687546984375 0.43601133125 0.7581095343750001 0.41940265156249995 0.7585138062500001 0.3833795078125 0.7723559 0.3796875 0.7770064640625 0.3796875 0.843304475 0.3842964765625 0.8540993765625 0.39496417031250003 0.9117598671875001 0.4079135671875 1 0.47059556718749995 1
0 0.57109375 0.89921875 0.1140625 0.2015625
0 0.65234375 0.87265625 0.0859375 0.2546875