0 0.14921875 0.0765625 0.2109375 0.153125
0 0.0484375 0.06015625 0.096875 0.1203125
0 0.08828125 0.04921875 0.1109375 0.0984375
0 0.7453125 0.234375 0.275 0.46875
0 0.66796875 0.234375 0.2578125 0.46875
0 0.8484375 0.1875 0.14375 0.375
0 0.96171875 0.05 0.0703125 0.1
0 0.19609375 0.4953125 0.0515625 0.053125
0 0.17265625 0.48984375 0.0484375 0.0421875
2 0.11171875 0.9609375 0.0453125 0.078125
2 0.20276794608595203 0.9639067579840658 0.02518353847458741 0.05068196159934022
0 0.19591774536031262 0.9469011144105565 0.03888393992586625 0.08542067445232178
0 0.7870276078125 0.46875 0.787025871875 0.468759528125 0.7456751328125 0.640246184375 0.6956135578125 0.8892550124999999 0.697328984375 0.900922040625 0.7009006296875 0.9030523921875 0.7338972671875 0.9096569156250001 0.7429530921875 0.8958994546875001 0.770446715625 0.7669338906250001 0.7993342734375 0.6594792187499999 0.8257672015624999 0.5359631828125 0.8377991843749999 0.46875 0.7870276078125 0.46875
0 0.58046875 0.5953125 0.1234375 0.253125