0 0.053125 0.11796875 0.10625 0.2359375
0 0.0984375 0.11328125 0.1125 0.2265625
0 0.18359375 0.109375 0.0984375 0.21875
0 0.15696512153669245 0.45262517563945587 0.06901808762187223 0.17217652837152997
2 0.08375860523935649 0.30818720236163316 0.05494356426490725 0.06404577962517113
2 0.15294887443968638 0.32192910510634254 0.05218227711788863 0.07645485141192587
2 0.6260192792294598 0.0797834060434146 0.04602320533113406 0.0793979949854351
0 0.2796875 0.7234375 0.13125 0.2875
0 0.3828125 0.72578125 0.1375 0.2921875
0 0.55 0.5796875 0.55 0.698005221875 0.571461221875 0.7809110312499999 0.5954900828125 0.9008006984375001 0.6219380812499999 1 0.6910776359375 1 0.6855477109375 0.9762801546875 0.6654911703125 0.9080273890624999 0.6093824109375 0.679781446875 0.58879295625 0.5796875 0.55 0.5796875
0 0.6292560765624999 1 0.6213623765625 0.9702370078125 0.58520450625 0.8017623468749999 0.55 0.6698525984375 0.55 0.9981324546875001 0.5504683828125 1 0.6292560765624999 1
0 0.72734375 0.78125 0.1453125 0.403125
0 0.7875 0.64140625 0.0875 0.1234375