0 0.01640625 0.525 0.0328125 0.06875
0 0.69921875 0.1625 0.1828125 0.325
0 0.51640625 0.4734375 0.0953125 0.171875
0 0.45859375 0.5390625 0.0796875 0.040625
2 0.82890625 0.0703125 0.1140625 0.140625
2 0.8127164767459997 0.28471906249588086 0.10239549985882554 0.15007391233702042
2 0.97421875 0.27109375 0.0515625 0.1015625
2 0.98984375 0.4265625 0.0203125 0.1125
0 0.8109375 0.91875 0.0625 0.1625
0 0.8911585371140516 0.8451832297041653 0.06149748407381015 0.14467730032431153
0 0.86796875 0.98515625 0.0515625 0.0296875