0 0.20496302590439477 0.2735773390248985 0.09356593460686646 0.19691977360693613
0 0.30625 0.10390625 0.1 0.2078125
2 0.26328125 0.01875 0.0859375 0.0375
0 0.94921875 0.0734375 0.0890625 0.146875
0 0.96875 0.1015625 0.0625 0.1375
0 0.9546875 0.3296875 0.090625 0.178125
0 0.853125 0.3828125 0.125 0.071875
2 0.9172267867017364 0.3290846154038448 0.052843200184570095 0.07157116311182747
2 0.8883903878737556 0.3406367654320797 0.06155686613141391 0.08608868942018652
0 0.07856839759136305 0.7621694021649607 0.10989184145441175 0.2087673262236546
0 0.1709375678571436 0.6974992283886152 0.09554993676633483 0.1550052893919517
0 0.11975220696751698 0.8704215179217412 0.08008562307124442 0.13231124203690497
0 0.12109375 0.94921875 0.1109375 0.1015625
0 0.09140625 0.9484375 0.1171875 0.103125
0 0.9328125 0.96796875 0.05 0.0640625
0 0.91875 0.95078125 0.05625 0.0984375
0 0.87890625 0.94453125 0.0578125 0.1109375
0 0.85234375 0.9484375 0.0578125 0.103125
0 0.80703125 0.95 0.0578125 0.1
0 0.9399342990402374 0.7963099127588915 0.035855959283868796 0.07369510523343692
2 0.8600162615633089 0.8002168917827912 0.04160531153562221 0.06624662628012441