0 0.1453125 0.1171875 0.121875 0.234375
0 0.20703125 0.1140625 0.1140625 0.228125
0 0.1421875 0.42320588826555605 0.1234375 0.2998618819039812
0 0.08515625 0.49538297610726884 0.0796875 0.19759675287472192
0 0.37109375 0.28208543638032496 0.0734375 0.18923744872768503
0 0.3140625 0.65 0.128125 0.1
0 0.49921875 0.9359375 0.1515625 0.128125
2 0.11875 0.65234375 0.1125 0.1046875
2 0.29140625 0.93359375 0.1296875 0.1328125
0 0.928125 0.73515625 0.14375 0.2703125
0 0.85234375 0.6984375 0.1171875 0.196875