0 0.2765625 0.02578125 0.159375 0.0515625
2 0.08774131555001699 0.3007722416758938 0.117525066315984 0.1584714389258032
0 0.6051125948504977 0.16313943862126135 0.0801042119047624 0.2058680706349208
0 0.6375 0.10390625 0.090625 0.2078125
0 0.5363940707918043 0.23990100015688354 0.07884210055371037 0.21045544108527148
0 0.7143886628645248 0.21838004627168556 0.07501619370616516 0.19931768198597286
0 0.64453125 0.58515625 0.0984375 0.2296875
0 0.75859375 0.5890625 0.1109375 0.221875
0 0.153125 0.95625 0.13125 0.0875
0 0.278125 0.9109375 0.184375 0.178125
0 0.2171875 0.9390625 0.115625 0.121875