0 0.5875 0.11171875 0.084375 0.2234375
0 0.721875 0.08203125 0.0625 0.1640625
0 0.7703125 0.10390625 0.05625 0.2078125
0 0.89140625 0.13671875 0.0921875 0.2734375
0 0.1015625 0.7296875 0.14375 0.540625
0 0.2578125 0.76953125 0.125 0.4609375
0 0.42734375 0.75859375 0.0234375 0.4828125
0 0.02421875 0.78984375 0.0484375 0.4203125
2 0.38125 0.784375 0.084375 0.43125
0 0.8908028 0.598454928125 0.8738823124999999 0.5936880609374999 0.86502155 0.5975546265625 0.861006509375 0.6113343890625 0.8566057375 0.7044445078124999 0.84671643125 0.8098909359375 0.8471020921874999 0.8405283359375 0.8535993171874999 0.8491072078125 0.8613228140625001 0.850768915625 0.8784410953125 0.8402307234374999 0.8858680046875002 0.69989838125 0.8973000250000001 0.6070337984374999 0.8908028 0.598454928125
0 0.924010996875 0.9066272515625 0.94930419375 0.6476710734375 0.9090068500000001 0.6385305421874999 0.88732845 0.8682263484374999 0.924010996875 0.9066272515625
0 0.9705340291528224 0.8449256750345597 0.05676684145441176 0.204652783665264
0 0.8092529750184561 0.6858259496293311 0.05027700956072394 0.17636409255827132