0 0.315625 0.14453125 0.10625 0.2890625
0 0.16814565735604528 0.15898852676920913 0.08467592079257358 0.278647063487173
0 0.58984375 0.19609375 0.0390625 0.2484375
0 0.4967480704678726 0.23211225374819958 0.09245759968941644 0.3321272609976621
0 0.23788130468285704 0.2078296910862191 0.10265164704446317 0.34690015601864027
0 0.9260197995623596 0.1499938802983384 0.07295019454068408 0.210867567636358
0 0.09703243664817629 0.6428684645314359 0.07217737884037315 0.11747276514684701
0 0.10575353121709527 0.8193125653612728 0.09567506299888784 0.17369945435896633
2 0.1731615681193853 0.7614184776036904 0.057220236775233246 0.07433807178554286
2 0.1793121285580245 0.8536651771887719 0.04010833148532633 0.10104228174358668
0 0.73671875 0.73984375 0.1484375 0.5203125
0 0.66640625 0.69765625 0.1140625 0.4359375
0 0.84140625 0.63046875 0.0921875 0.3015625