0 0.4828125 0.23515625 0.178125 0.1484375
0 0.36484375 0.2625 0.1640625 0.09375
0 0.58984375 0.23671875 0.0984375 0.1453125
0 0.55078125 0.25 0.1765625 0.11875
0 0.66875 0.03828125 0.059375 0.0765625
0 0.725 0.02109375 0.075 0.0421875
0 0.07890625 0.69765625 0.1578125 0.5359375
0 0.16953125 0.6546875 0.3390625 0.690625
0 0.33515625 0.6546875 0.3265625 0.690625
0 0.4890625 0.57734375 0.28125 0.5359375
0 0.4239749249358281 0.5914039229968917 0.21983754259467397 0.536798394391219
0 0.7015625 0.84375 0.125 0.3125
0 0.80234375 0.78359375 0.2828125 0.4328125
0 0.928125 0.821875 0.14375 0.35625
0 0.69921875 0.75234375 0.1203125 0.4265625
0 0.83359375 0.76015625 0.2609375 0.4796875