0 0.28564971236618775 0.2200009661351417 0.10051684145441175 0.20363406010845858
0 0.37459349398302033 0.14554638767991873 0.08929993676633483 0.15046360831306052
0 0.14453906076042983 0.46752488504764 0.07894223010335963 0.20819429508134385
0 0.3329833921926923 0.32492481547121177 0.07529799352159508 0.12695338544042353
0 0.34274602328350107 0.47726856547121177 0.0997949506459955 0.24111587939029935
0 0.3132587823827997 0.48022084864869896 0.10332046884459274 0.24738406010845856
0 0.8774792 0 0.866091125 0.058397517187500005 0.8573854765625001 0.12233673437499999 0.8240228 0.2929889765625 0.7855612187500001 0.5409602984374999 0.7878204953125 0.55264955 0.7914917234375001 0.5548407921875 0.8247989578125001 0.5620164984375 0.83321443125 0.5484260703125 0.854700371875 0.4200251609375 0.8785828109375 0.3131452625 0.8992619218750001 0.19017178125 0.9195293625 0.0377030171875 0.9267642515624999 0 0.8774792 0
0 0.5375 0.20234375 0.1375 0.4046875
0 0.64140625 0.08671875 0.0859375 0.1734375
0 0.35546875 0.84296875 0.1546875 0.3140625
0 0.23125 0.834375 0.140625 0.33125
0 0.40703125 0.85078125 0.1234375 0.2984375
0 0.9313079921874999 1 0.95113930625 0.8508121328125 0.965331546875 0.7768524328125 0.959772215625 0.7658525328125 0.929765034375 0.7579874765625 0.9214140453125002 0.7603892812499999 0.917880040625 0.7680298015625 0.8977010703125 0.8715066328125 0.8889954203125001 0.9354458515624999 0.8763750234375 1 0.9313079921874999 1
2 0.5640625 0.896875 0.15625 0.20625
2 0.67578125 0.890625 0.0953125 0.21875