0 0.4796875 0.19453125 0.209375 0.3890625
0 0.3390625 0.23359375 0.18125 0.3109375
0 0.246875 0.2484375 0.121875 0.28125
0 0.09453125 0.290625 0.1171875 0.196875
0 0.73125 0.0875 0.0625 0.175
0 0.77734375 0.1078125 0.1140625 0.215625
0 0.83671875 0.09453125 0.0796875 0.1890625
0 0.9171875 0.075 0.109375 0.15
0 0.95 0.04765625 0.1 0.0953125
0 0.47421875 0.73671875 0.1953125 0.5265625
0 0.08203125 0.81640625 0.1640625 0.3671875
0 0.14765625 0.82890625 0.1265625 0.3421875
0 0.22181491811591178 0.740016954509842 0.08729890860088992 0.26755568114108114
0 0.8483858027333776 0.9129064909037721 0.04517556699689198 0.1330693651776464
0 0.87109375 0.940625 0.0421875 0.11875
0 0.7825595955374485 0.937020387098665 0.043103644747151025 0.12205909057054072
0 0.73671875 0.95546875 0.0390625 0.0890625
0 0.8017826304836365 0.9259908418133949 0.048155017782680345 0.13008991439185813
0 0.8105155833363394 0.7384908418133949 0.03205482878371626 0.08568494292790554
2 0.7355134292835636 0.7755049983473702 0.04182793507002262 0.061194365177646405
2 0.8247407491759396 0.7510807330458892 0.027110463606069855 0.04647689371369381