0 0.4984375 0.040625 0.121875 0.08125
0 0.05078125 0.11640625 0.1015625 0.2328125
0 0.0234375 0.15625 0.046875 0.3
2 0.41484375 0.55 0.1078125 0.078125
0 0.8557811167249973 0.40754558660886636 0.07547380935708983 0.17585452267663584
0 0.9174725947246791 0.40448367393382123 0.09213514536918019 0.2650988360120904
0 0.9828125 0.42578125 0.034375 0.2484375
0 0.966600438056952 0.39609846192713977 0.05338063335454457 0.15684998400699968
0 0.7717328333863611 0.3694557879535476 0.10788741470399828 0.27621814934754474
0 0.08203125 0.8421875 0.1640625 0.315625
0 0.14921875 0.90859375 0.2734375 0.1828125
0 0.371875 0.915625 0.178125 0.16875
0 0.978125 0.88828125 0.04375 0.2234375
0 0.94453125 0.86015625 0.1109375 0.2765625
0 0.8758208967218156 0.8373421746101389 0.08969994135899881 0.190080654678545