0 0.2109375 0.13828125 0.125 0.2765625
0 0.2421875 0.28515625 0.128125 0.3078125
0 0.0578125 0.15078125 0.115625 0.3015625
0 0.1203125 0.36953125 0.109375 0.1390625
2 0.22991687653864634 0.37873996803269894 0.04718801779449713 0.08769017676456467
0 0.6850071140624999 0 0.70480225625 0.0940019109375 0.72173356875 0.15660444843750002 0.7578615265625 0.3285632484375 0.7855752 0.4390625 0.8366190203125001 0.4390625 0.834424728125 0.42985485625 0.8144705265625 0.3207189328125 0.7854280640625 0.19842214062500002 0.744613671875 0.0493775734375 0.734063175 0 0.6850071140624999 0
0 0.4515625 0.29765625 0.1375 0.2828125
0 0.4983843977560035 0.171063058289081 0.06322419467652338 0.13719326929603187
0 0.0705617811775511 0.8005585362937568 0.12937707117798852 0.3462615385920639
0 0.01796875 0.78828125 0.0359375 0.3453125
0 0.15504686912427257 0.8160991806900348 0.099220044486243 0.2178046518694554
0 0.15582682463802974 0.6044512856690568 0.10266337946721471 0.22585395020978138
0 0.6234375 0.484375 0.125 0.090625
0 0.80234375 0.85859375 0.1484375 0.2828125
2 0.48828125 0.91953125 0.1265625 0.1609375
2 0.8921875 0.915625 0.11875 0.16875
2 0.42578125 0.48046875 0.1109375 0.0828125
0 0.76953125 0.96875 0.0828125 0.0625
2 0.5959503948274351 0.7982301321492162 0.13095020555093823 0.19372853444287888