0 0.0046875 0.02421875 0.009375 0.0484375
0 0.045694105769272575 0.0608283269836349 0.037595336973341276 0.0991245842330974
0 0.303125 0.18984375 0.028125 0.3796875
0 0.371875 0.1890625 0.09375 0.378125
0 0.471875 0.2171875 0.109375 0.325
0 0.590625 0.19140625 0.121875 0.3765625
0 0.71171875 0.228125 0.0796875 0.303125
0 0.8375 0.1984375 0.125 0.3625
0 0.7881044885002483 0.18595041661531705 0.0688765142540035 0.31112767676456465
0 0.2578125 0.60390625 0.0625 0.3296875
0 0.18717997516432874 0.6143514556083661 0.05628117728066222 0.2138974792540756
0 0.45625 0.93203125 0.096875 0.1359375
0 0.4536815621376699 0.8102918402563821 0.06380689273291544 0.15390717261537984
0 0.4616701789476522 0.5942766765640719 0.05242311151914834 0.10956517676456468