0 0.5140625 0.1078125 0.028125 0.084375
0 0.5109375 0.31796875 0.021875 0.1546875
2 0.51484375 0.12734375 0.0296875 0.0546875
0 0.18671875 0.46015625 0.1078125 0.0609375
0 0.11328125 0.4921875 0.1140625 0.125
0 0.05625 0.50703125 0.10625 0.1546875
0 0.02578125 0.53125 0.0515625 0.203125
0 0.04609375 0.92109375 0.0921875 0.1578125
0 0.25234375 0.490625 0.1109375 0.121875
0 0.6399212515894839 0.7369245512810478 0.11135167130699397 0.3197863360120904
0 0.8078125 0.8703125 0.1125 0.259375
0 0.94375 0.86484375 0.1125 0.2703125