0 0.31953125 0.06484375 0.0890625 0.1296875
0 0.4078125 0.06171875 0.078125 0.1234375
0 0.2828125 0.1015625 0.09375 0.203125
0 0.23984375 0.1265625 0.0890625 0.253125
0 0.18886326266315617 0.16379726726302452 0.0961468181810801 0.317309516805914
0 0.13979832089461358 0.21355452813743944 0.10363176956056108 0.3113778517868859
0 0.31015625 0.42890625 0.0953125 0.2421875
0 0.45234375 0.50859375 0.1078125 0.0828125
2 0.77265625 0.04921875 0.1078125 0.0984375
2 0.3920568617132165 0.6419912514456938 0.05895227611928178 0.053854511862998056
0 0.8640625 0.8203125 0.203125 0.359375
0 0.76015625 0.796875 0.0828125 0.40625
0 0.74921875 0.87421875 0.0609375 0.2515625
0 0.96015625 0.78359375 0.0796875 0.4328125