0 0.0546875 0.046875 0.109375 0.09375
0 0.0359375 0.07109375 0.071875 0.1421875
0 0.20680884269620242 0.2503904680064458 0.14216412497675854 0.34561487884037306
0 0.24765625 0.43828125 0.0953125 0.1234375
0 0.33046875 0.36875 0.0765625 0.2625
0 0.61171875 0.25 0.2859375 0.5
0 0.74921875 0.25 0.3015625 0.5
0 0.815625 0.18515625 0.1625 0.3703125
0 0.15859375 0.9203125 0.1296875 0.159375
0 0.0890625 0.9140625 0.13125 0.171875
0 0.23515625 0.9703125 0.1015625 0.059375
0 0.278125 0.90234375 0.13125 0.1953125
0 0.03359375 0.92578125 0.0671875 0.1484375
0 0.29375 0.88125 0.121875 0.2375
0 0.3153083905281475 0.8673181757013098 0.09425572233759212 0.18892526308359248
0 0.94453125 0.5453125 0.1109375 0.090625
0 0.5188898861928231 0.6758252945830364 0.13679311979296233 0.33752936305535747
0 0.5245137525454153 0.7756432840596926 0.11985989802101793 0.30389781570031094