2 0.46953125 0.0109375 0.0359375 0.021875
0 0.0203125 0.68125 0.040625 0.228125
0 0.078125 0.625 0.140625 0.271875
0 0.18046875 0.58984375 0.1484375 0.2015625
0 0.26796875 0.5390625 0.1109375 0.1
0 0.45546875 0.81328125 0.1734375 0.3734375
0 0.4203125 0.853125 0.103125 0.29375
0 0.5015625 0.81328125 0.19375 0.3734375
0 0.7375 0.77265625 0.184375 0.4546875
0 0.8320452922099321 0.7581977637894641 0.1798388733734992 0.4662605787839034
0 0.8849521038983292 0.7676035848926213 0.11631038717321687 0.3142738735787013
0 0.5442998303593789 0.7890052319370844 0.0741932508107789 0.13699874203690507
0 0.6500509983784422 0.7219703794050705 0.11233990746575646 0.26565436305535756