0 0.74609375 0.028125 0.0328125 0.05625
0 0.7151080138226295 0.40151772807898123 0.036024617332380694 0.09200771753501122
0 0.6184511711317671 0.2817980794028888 0.046929266343644915 0.1143193651776464
0 0.64453125 0.0203125 0.0359375 0.040625
0 0.678125 0.0171875 0.028125 0.034375
0 0.71328125 0.02421875 0.0390625 0.0484375
0 0.6613542191542956 0.23990383188408818 0.024573665102807674 0.06188356989237605
0 0.7017989026944351 0.2331658343652876 0.027665814114071985 0.08383134449948208
0 0.7263565062810609 0.2742831399896401 0.023557468321116205 0.06962329528527036
0 0.63125 0.44375 0.01875 0.0125
0 0.65234375 0.4421875 0.0171875 0.015625
0 0.6372943702592468 0.38221761042013547 0.025666271539425002 0.07750856989237623
2 0.02109375 0.71328125 0.0421875 0.0734375
2 0.01015625 0.8046875 0.0203125 0.1
0 0.6708732859375 0.45 0.6533292187499999 0.5546734890625 0.620723815625 0.8077178265625001 0.62325300625 0.8191727499999999 0.6269699296875 0.8209424750000001 0.6603946984375 0.8242631453125 0.6684797 0.8096613453125 0.686930909375 0.678451025 0.7082782156249999 0.56853528125 0.7250409234375 0.45 0.6708732859375 0.45
0 0.459375 0.534375 0.08125 0.16875