0 0.2987075354658308 0.6494869766048254 0.23746650183616785 0.48968266823232476
0 0.2349798753141099 0.6477039397025353 0.2075878121376699 0.44751057878390343
0 0.415625 0.48359375 0.125 0.2296875
0 0.50703125 0.5609375 0.2015625 0.384375
0 0.57578125 0.559375 0.1484375 0.38125
0 0.6125 0.5203125 0.075 0.303125
0 0.55625 0.56875 0.1875 0.4
0 0.8282033300155174 0.5609705081748564 0.10905549091614422 0.19296031570031094
0 0.931566930324778 0.7213627056287251 0.11996104000775869 0.2122563472703419
0 0.9640625 0.6328125 0.071875 0.346875
0 0.8549726083543463 0.7061997081889739 0.10876844849248961 0.20849431043863903