0 0.8620066609375 0 0.86935874375 0.05738545625 0.8821188687500001 0.23382403749999997 0.8882047499999999 0.2890625 0.9412311437499999 0.2890625 0.9391450171875 0.24414052343749998 0.9267590046875 0.11760218124999999 0.9113314171875 0 0.8620066609375 0
0 0.575 0.14453125 0.084375 0.2890625
0 0.646875 0.0328125 0.046875 0.065625
0 0.1319181324411117 0.743267942846419 0.06852608576539332 0.21141810124083715
0 0.20752391032089879 0.7749656930985205 0.08370428879981055 0.3212301438154842
0 0.27904796608047294 0.8327889007759751 0.08096192607271427 0.3256991225281606
0 0.33866195320359527 0.8874489036259667 0.06074553667377884 0.19223105866619025
0 0.42077320941251317 0.8085205103146856 0.07707165152690702 0.3161056012408373
0 0.4390625 0.759375 0.040625 0.325
0 0.4875 0.4484375 0.05625 0.31875
0 0.5579390142540035 0.43241756017879956 0.040975170612702526 0.17841993094224956
0 0.646875 0.45390625 0.071875 0.3296875
0 0.6948011565278769 0.4722827255337088 0.05628117728066222 0.21366901609154337
2 0.6141242098715551 0.7400715230520343 0.06999324879205204 0.11519866510280767
2 0.46796875 0.44140625 0.0171875 0.2328125