0 0.68513153410059 0.19026850940239615 0.07616637575930571 0.18604790919430564
0 0.7283379798640276 0.1138885005686809 0.07969141926229177 0.20330814437666672
0 0.8046875 0.29921875 0.109375 0.2203125
0 0.91640625 0.2921875 0.1140625 0.234375
0 0.9875 0.3234375 0.025 0.171875
0 0.68671875 0.33984375 0.0859375 0.1390625
0 0.96640625 0.1609375 0.0671875 0.178125
0 0.6296875 0.31171875 0.096875 0.1953125
0 0.18442040644142327 0.7163764145126391 0.09397212480937522 0.2130104526972918
0 0.3683395051309023 0.8074229078631255 0.11254289969500028 0.33993662860909735
0 0.28678168702663154 0.7515891755305559 0.11098039969500029 0.3399002610179167
0 0.41484375 0.859375 0.0484375 0.2125
0 0.71484375 0.42734375 0.0421875 0.0359375
0 0.746875 0.4265625 0.0375 0.034375
0 0.67578125 0.4328125 0.0421875 0.046875
0 0.6285516129384371 0.6803843631258684 0.04633209897381949 0.11195579255305557
0 0.6699039647620483 0.6500799204965628 0.04095361474138901 0.08215918977951393
0 0.78125 0.4359375 0.034375 0.053125
0 0.6274579723614926 0.8617070983082294 0.024855836056041712 0.06148301386770836
0 0.7161581028704509 0.8121811834143406 0.03808318787965277 0.09302395459715278
0 0.7378175101648955 0.6876175945085073 0.026854747150208524 0.08026938145888884
0 0.7116557068782635 0.6361999116628476 0.032741071238402954 0.06478985182361115
0 0.6596366523573607 0.7553668325406601 0.018678571238402865 0.06446254350298605
0 0.6355263519205203 0.7837275686729517 0.027908100873680654 0.05843074905006951