0 0.815625 0.23125 0.196875 0.4625
0 0.396875 0.275 0.19375 0.55
0 0.35234375 0.275 0.1046875 0.55
0 0.4849506321027559 0.2380710515611951 0.1371797172884209 0.42259205223856355
0 0.56640625 0.14375 0.0984375 0.2875
2 0.1086441261837022 0.8534459888071819 0.08389625212603206 0.13197369629109837
0 0.16264558421908948 0.7160378420411136 0.09496078213185086 0.2865793091359684
0 0.8012394593749999 0.55 0.8113449656250001 0.7405940078125 0.8159057796875 0.7507695734375 0.8198994171875 0.7513884453124999 0.8535478796875001 0.7449696593749999 0.8589167796874999 0.7287578015625 0.8535669421875 0.5986119796875 0.8541567203125 0.55 0.8012394593749999 0.55
0 0.3357439875 0.55 0.34209812500000003 0.6570645421875 0.37376385624999997 0.9105953031249999 0.38057684687500004 1 0.432643115625 1 0.43507574375 0.99692903125 0.4377729765625 0.9757040281249999 0.4344487703125 0.879689259375 0.42100290156250003 0.7331387578124999 0.41061043281250004 0.6647056015625 0.3986447546875 0.55 0.3357439875 0.55
0 0.3 0.55 0.3 0.8997474593749999 0.30506346875 0.8997629374999999 0.331884575 0.8849816484374999 0.34656271875 0.8656132609375 0.36024299531250004 0.8561001171875 0.3614839390625 0.8503406 0.36185916875 0.8033252718749999 0.351195890625 0.716994696875 0.3389368109375 0.55 0.3 0.55
0 0.4953125 0.6328125 0.1375 0.165625