0 0.4614342228156043 0.281328324069376 0.09475283966693623 0.46737318380210835
0 0.5619570600417652 0.29522238631293496 0.0786277344940867 0.44954901384016444
0 0.38794891020004973 0.36332242338480397 0.07353105753448261 0.4352955128515813
0 0.59296875 0.41328125 0.0703125 0.4515625
0 0.21414901200768685 0.8771475014456938 0.022159807996701097 0.11795150395433254
0 0.2322852465682807 0.855289747491361 0.026210810503983595 0.09626750494291585
0 0.26700122736795084 0.8656078235750844 0.03135295157021041 0.11208350593149916
2 0.26875 0.98125 0.028125 0.0375
2 0.28828125 0.9875 0.0234375 0.025
2 0.18751465267820233 0.7413519228905124 0.018415030878812466 0.04288783695813834
2 0.2588895475053528 0.7212357410655704 0.015153638558944315 0.03807300296574958
0 0.590625 0.76171875 0.06875 0.2453125
0 0.6875 0.7390625 0.065625 0.2
0 0.77578125 0.7046875 0.0640625 0.13125
0 0.4546710604374765 0.745133497491361 0.05393865690134447 0.19103617688202626
0 0.5146143617702601 0.7622454016359741 0.046353477434457876 0.19853034190105417