2 0.31875 0.01796875 0.05625 0.0359375
0 0.96640625 0.0484375 0.0640625 0.096875
0 0.8578125 0.04296875 0.065625 0.0859375
0 0.7265625 0.02265625 0.05625 0.0453125
0 0.46171875 0.73984375 0.1359375 0.5078125
0 0.33618727177411933 0.7202009074300698 0.09713839060400833 0.3337959899708702
0 0.22126696542677093 0.6993465013201483 0.1448270475053528 0.5240860208496827
0 0.10625573086617708 0.6816170952102266 0.09772942399010329 0.3541084899708702
0 0.07229591950426376 0.6146940196625483 0.10511602665567032 0.3933528463973609
0 0.03359375 0.6203125 0.0671875 0.353125
0 0.3909549912910183 0.6085443419115213 0.1022350675636126 0.34799488229073816
0 0.6359375 0.61953125 0.153125 0.4390625
0 0.75859375 0.734375 0.1796875 0.53125
0 0.7890625 0.49765625 0.1 0.1953125
0 0.584375 0.66484375 0.109375 0.5296875