0 0.57265625 0.02578125 0.0546875 0.0515625
0 0.6578125 0.025 0.05 0.05
0 0.1453125 0.41328125 0.034375 0.0890625
0 0.16131669067710827 0.6700310743605441 0.03284081283893307 0.2743467821324536
0 0.07159111534514336 0.6523327604913483 0.03896354781181843 0.2526536385589443
0 0.0546875 0.4375 0.05 0.1375
0 0.87421875 0.840625 0.0609375 0.31875
0 0.7784001724285398 0.8339428101747792 0.05804989109776422 0.3110117078384166
0 0.967980302015231 0.8737314212201234 0.06051129488495235 0.19704013605166182
0 0.8006665787498106 0.6317665447353729 0.04118860226293641 0.09805706677218975
0 0.6893513079671593 0.834190514252272 0.05421584308955403 0.18904577962517113
0 0.7336603650505558 0.7368237692668369 0.04838399960721666 0.2607389231986804