0 0.14127239617861925 0.2271950152769117 0.11610618275429001 0.23875451201463563
0 0.38279769726707835 0.2501763399109132 0.11808534500534211 0.20597837468172653
0 0.061366674486405606 0.4680660106222293 0.11034725607526781 0.2527442866804538
0 0.3015625 0.5328125 0.1375 0.2125
2 0.15 0.04140625 0.09375 0.0828125
2 0.40546875 0.05 0.1484375 0.1
0 0.92421875 0.36484375 0.1515625 0.3953125
0 0.96484375 0.40078125 0.0703125 0.2140625
0 0.04296875 0.690625 0.0859375 0.103125
0 0.25625 0.6875 0.11875 0.096875
0 0.334375 0.69765625 0.10625 0.1171875
0 0.6109375 0.79375 0.2625 0.309375
0 0.8796875 0.81953125 0.240625 0.3609375
0 0.75546875 0.765625 0.1765625 0.253125
0 0.93203125 0.7625 0.1359375 0.246875