2 0.32694781102777687 0.0919146152541261 0.0576552580585183 0.08924603847458741
2 0.37316657455291546 0.26191709120750895 0.050038247690925707 0.07340278366526398
2 0.39151532483573936 0.3372891134400276 0.037929226955740705 0.041825401451278846
2 0.41599649792726695 0.4469270082678845 0.07185445909527761 0.09129961179556503
2 0.18039331418532284 0.25297614474303887 0.061991443543888816 0.06758929328391083
2 0.20929885565569312 0.3146576892080761 0.05363213939685174 0.06106647477225664
0 0.3671875 0.0453125 0.04375 0.090625
0 0.7171875 0.2421875 0.015625 0.13125
0 0.7349947568807398 0.23597958458408702 0.0371855161170366 0.175763891832632
0 0.7738815996234251 0.22365071017465024 0.04431451093324039 0.1682242103442862
0 0.484375 0.6515625 0.109375 0.24375
0 0.3515625 0.60625 0.075 0.153125
0 0.2328125 0.65078125 0.1125 0.2421875
0 0.115625 0.60703125 0.075 0.1546875
0 0.065625 0.5859375 0.08125 0.1125
0 0.0265625 0.57734375 0.053125 0.0953125
0 0.3890625 0.58125 0.09375 0.103125
0 0.81171875 0.7390625 0.1796875 0.41875
0 0.7375 0.646875 0.05625 0.234375
0 0.94765625 0.76484375 0.1046875 0.4703125