0 0.14375 0.4407163792365501 0.11875 0.2458038089182919
0 0.359375 0.34641934806186947 0.11875 0.2129913089182917
0 0.2 0.61171875 0.1125 0.0953125
2 0.04609375 0.2484375 0.0921875 0.134375
2 0.26015625 0.10979379718934937 0.1671875 0.2101283888718056
0 0.9015625 0.3093728161308843 0.1078125 0.12003898441265974
0 0.7359375 0.09154118790274043 0.09375 0.11593063861970414
0 0.6828125 0.0140625 0.109375 0.028125
0 0.76640625 0.01484375 0.0828125 0.0296875
0 0.58046875 0.4252010038583978 0.0609375 0.08863616510280767
0 0.7296875 0.47079164532809353 0.059375 0.08227690445914604
0 0.5 0.2969178307098185 0.0875 0.11080609604505724
2 0.74921875 0.32450115337386515 0.128125 0.11989687278026225
2 0.1046875 0.7636347091900639 0.0625 0.0965579257464693
0 0.72421875 0.9375 0.1453125 0.125
0 0.73828125 0.8875 0.1515625 0.225