2 0.2956422140427327 0.342007255460949 0.07361244872768502 0.07382838544042354
2 0.32265625 0.396875 0.0546875 0.06875
0 0.27890625 0.03125 0.0671875 0.0625
0 0.5878336077284262 0.06767033079291399 0.06113157257314796 0.10967498184962739
2 0.6754997030630095 0.0752151860809124 0.03093693317629622 0.05015453610435348
2 0.62265625 0.5171875 0.0296875 0.04375
2 0.6922916215828715 0.4997475534691592 0.01863242280870363 0.03446590359079611
0 0.325 0.9 0.05 0.184375
0 0.15734113166764008 0.8638105743500063 0.08263471715379608 0.17695338544042372
0 0.04296875 0.89375 0.0859375 0.1875
0 0.01328125 0.9 0.0265625 0.1125
2 0.9578125 0.7453125 0.084375 0.134375
0 0.5947214288874545 0.7375788306947182 0.16583536230009183 0.39607609016268785
0 0.79453125 0.6625 0.1984375 0.246875
0 0.6507274211117601 0.7496293788011241 0.09372804203601817 0.2144988372358217
0 0.8775721765783804 0.6673128242518105 0.11425515551388835 0.23492042154477702