0 0.23046875 0.13984375 0.1359375 0.2796875
0 0.32109375 0.28125 0.0578125 0.184375
0 0.0203125 0.3109375 0.040625 0.25
0 0.755245862070315 0.4040328349233591 0.10179995202099903 0.1581795769491748
0 0.5953125 0.6515625 0.109375 0.096875
0 0.76875 0.65390625 0.09375 0.0921875
0 0.8471220900302259 0.11204872076554132 0.07641814401654479 0.12449405771188111
0 0.7621294720321349 0.12313749898850967 0.07807155068427196 0.13236112141421197
0 0.5925902260502705 0.250756523583281 0.07180336935072659 0.13058036660488845
0 0.49679865742358675 0.5418229784852716 0.1024362986950896 0.2128670769491748
0 0.9205799607335878 0.3848165873704298 0.07174882535008997 0.12589286660488846
0 0.7241562100174992 0.7762103913692958 0.05904883068109026 0.10826885698624164
2 0.7966221033577261 0.8295015716765152 0.036428396005727136 0.0434424651536097