0 0.7625 0.05859375 0.05625 0.1171875
0 0.78515625 0.05625 0.0609375 0.1125
0 0.66686939662094 0.08574756419840028 0.06885495776545092 0.13771060015828454
0 0.6878798466350575 0.07154031169111778 0.057371426195419774 0.12801735141192588
0 0.12476592563072239 0.8234234089464085 0.057932868317029394 0.1108753155185486
0 0.14311410722898837 0.8036792102791919 0.05646137357870131 0.11239235141192587
0 0.181622870383168 0.8086993308914476 0.05627936305535748 0.10926735141192587
0 0.096534509817472 0.8475595909205775 0.05297235253201382 0.10605142319868044
2 0.06734899680446675 0.6946248075344826 0.028928636803468067 0.04139788981258548
2 0.13372515472520935 0.6692587461725693 0.027548147326811722 0.044477425705962935
2 0.2133117571160489 0.9242705065974105 0.03581567363517095 0.052517246239076346
2 0.21953125 0.98203125 0.0359375 0.0359375
2 0.2275107650085567 0.9270234335570148 0.032690673635170954 0.052426318025830906
0 0.54140625 0.73125 0.1453125 0.5375
0 0.74140625 0.715625 0.2921875 0.56875
0 0.93046875 0.7078125 0.1390625 0.584375
0 0.62635227048199 0.7635302687381115 0.18329397326811775 0.44209187476889084
0 0.875 0.7640625 0.221875 0.471875
0 0.8549491653897274 0.5907987770513816 0.19110647326811775 0.44231919530200425